Bit_length,N,Lattice_dimension,|b_op - t|^2,|vbest - t|^2,P(b_op),P(vbest),P(|vnew - t|^2 < |b_op - t|^2),P(|vnew - t|^2 <= |b_op - t|^2),P(|vnew - t|^2 > |b_op - t|^2)
9,365,3,236,236,0.979,0.979,0.0,0.979,0.02100000000000002
9,489,3,506,361,0.226,0.738,0.738,0.964,0.03600000000000003
9,365,3,236,236,0.977,0.977,0.0,0.977,0.02300000000000002
9,485,3,546,429,0.196,0.752,0.752,0.948,0.052000000000000046
9,395,3,146,146,0.947,0.947,0.0,0.947,0.05300000000000005
9,365,3,236,236,0.979,0.979,0.0,0.979,0.02100000000000002
9,411,3,231,231,0.876,0.876,0.0,0.876,0.124
9,335,3,581,385,0.046,0.939,0.939,0.985,0.015000000000000013
9,489,3,506,361,0.195,0.774,0.774,0.9690000000000001,0.030999999999999917
9,451,3,381,381,0.853,0.853,0.0,0.853,0.14700000000000002
9,415,3,316,316,0.859,0.859,0.0,0.859,0.14100000000000001
9,451,3,381,381,0.876,0.876,0.0,0.876,0.124
9,407,3,93,93,0.928,0.928,0.0,0.928,0.07199999999999995
9,497,3,390,390,0.644,0.644,0.0,0.644,0.356
9,505,3,283,283,0.98,0.98,0.0,0.98,0.020000000000000018
9,505,3,761,612,0.037,0.752,0.807,0.8440000000000001,0.15599999999999992
9,505,3,238,238,0.991,0.991,0.0,0.991,0.009000000000000008
9,451,3,381,381,0.823,0.823,0.0,0.823,0.17700000000000005
9,451,3,381,381,0.845,0.845,0.0,0.845,0.15500000000000003
9,473,3,445,445,0.995,0.995,0.0,0.995,0.0050000000000000044
9,481,3,477,477,0.972,0.972,0.0,0.972,0.028000000000000025
9,471,3,437,437,0.672,0.672,0.0,0.672,0.32799999999999996
9,493,3,285,285,0.786,0.786,0.0,0.786,0.21399999999999997
9,453,3,445,445,0.776,0.776,0.0,0.776,0.22399999999999998
9,473,3,278,278,0.925,0.925,0.0,0.925,0.07499999999999996
9,417,3,121,121,0.972,0.972,0.0,0.972,0.028000000000000025
9,391,3,209,209,0.96,0.96,0.0,0.96,0.040000000000000036
9,453,3,445,445,0.775,0.775,0.0,0.775,0.22499999999999998
9,473,3,305,305,0.796,0.796,0.0,0.796,0.20399999999999996
9,481,3,477,477,0.965,0.965,0.0,0.965,0.03500000000000003
9,473,3,278,278,0.91,0.91,0.0,0.91,0.08999999999999997
9,407,3,93,93,0.952,0.952,0.0,0.952,0.04800000000000004
9,469,3,105,105,0.95,0.95,0.0,0.95,0.050000000000000044
9,411,3,231,231,0.873,0.873,0.0,0.873,0.127
9,447,3,376,376,0.617,0.617,0.0,0.617,0.383
10,959,3,195,195,0.985,0.985,0.0,0.985,0.015000000000000013
10,895,3,357,357,0.549,0.549,0.0,0.549,0.45099999999999996
10,995,3,142,142,0.983,0.983,0.0,0.983,0.017000000000000015
10,923,3,440,440,0.541,0.541,0.0,0.541,0.45899999999999996
10,871,3,414,414,0.608,0.608,0.0,0.608,0.392
10,913,3,405,386,0.376,0.458,0.458,0.8340000000000001,0.16599999999999993
10,817,3,515,515,0.769,0.769,0.0,0.769,0.23099999999999998
10,895,3,312,312,0.76,0.76,0.0,0.76,0.24
10,901,3,193,193,0.943,0.943,0.0,0.943,0.05700000000000005
10,913,3,405,386,0.375,0.445,0.445,0.8200000000000001,0.17999999999999994
10,745,3,337,337,0.85,0.85,0.0,0.85,0.15000000000000002
10,913,3,405,386,0.36,0.462,0.462,0.8220000000000001,0.17799999999999994
10,785,3,403,403,0.663,0.663,0.0,0.663,0.33699999999999997
10,803,3,142,142,0.963,0.963,0.0,0.963,0.03700000000000003
10,731,3,311,311,0.977,0.977,0.0,0.977,0.02300000000000002
10,923,3,248,248,0.99,0.99,0.0,0.99,0.010000000000000009
10,781,3,33,33,0.915,0.915,0.0,0.915,0.08499999999999996
10,835,3,343,343,0.987,0.987,0.0,0.987,0.013000000000000012
10,949,3,143,143,0.969,0.969,0.0,0.969,0.031000000000000028
10,755,3,414,414,0.839,0.839,0.0,0.839,0.16100000000000003
10,737,3,142,142,0.935,0.935,0.0,0.935,0.06499999999999995
10,985,3,153,153,0.906,0.906,0.0,0.906,0.09399999999999997
10,893,3,281,281,0.932,0.932,0.0,0.932,0.06799999999999995
10,923,3,248,248,0.992,0.992,0.0,0.992,0.008000000000000007
10,939,3,310,310,0.881,0.881,0.0,0.881,0.119
10,695,3,205,205,0.983,0.983,0.0,0.983,0.017000000000000015
10,831,3,700,616,0.029,0.658,0.892,0.921,0.07899999999999996
10,895,3,357,357,0.583,0.583,0.0,0.583,0.41700000000000004
10,771,3,93,93,0.998,0.998,0.0,0.998,0.0020000000000000018
10,917,3,342,342,0.98,0.98,0.0,0.98,0.020000000000000018
10,815,3,303,303,0.973,0.973,0.0,0.973,0.027000000000000024
10,779,3,490,490,0.981,0.981,0.0,0.981,0.019000000000000017
10,685,3,286,286,0.847,0.847,0.0,0.847,0.15300000000000002
10,789,3,235,235,0.973,0.973,0.0,0.973,0.027000000000000024
10,913,3,405,386,0.342,0.46,0.46,0.802,0.19799999999999995
11,1793,3,315,315,0.55,0.55,0.0,0.55,0.44999999999999996
11,1959,3,418,418,0.594,0.594,0.0,0.594,0.406
11,1739,3,401,401,0.756,0.756,0.0,0.756,0.244
11,1415,3,302,302,0.759,0.759,0.0,0.759,0.241
11,1207,3,525,445,0.208,0.643,0.643,0.851,0.14900000000000002
11,1507,3,357,357,0.409,0.409,0.0,0.409,0.591
11,1893,3,290,290,0.931,0.931,0.0,0.931,0.06899999999999995
11,1691,3,466,466,0.757,0.757,0.0,0.757,0.243
11,1835,3,451,451,0.843,0.843,0.0,0.843,0.15700000000000003
11,2019,3,415,366,0.218,0.727,0.727,0.945,0.05500000000000005
11,1285,3,178,178,0.952,0.952,0.0,0.952,0.04800000000000004
11,1943,3,118,118,0.92,0.92,0.0,0.92,0.07999999999999996
11,1411,3,369,369,0.856,0.856,0.0,0.856,0.14400000000000002
11,1985,3,415,415,0.748,0.748,0.0,0.748,0.252
11,1639,3,132,132,0.891,0.891,0.0,0.891,0.10899999999999999
11,1349,3,53,53,0.922,0.922,0.0,0.922,0.07799999999999996
11,1241,3,485,485,0.514,0.514,0.0,0.514,0.486
11,1841,3,166,166,0.975,0.975,0.0,0.975,0.025000000000000022
11,2047,3,418,418,0.619,0.619,0.0,0.619,0.381
11,1731,3,462,462,0.944,0.944,0.0,0.944,0.05600000000000005
11,1411,3,510,510,0.68,0.68,0.0,0.68,0.31999999999999995
11,1285,3,250,250,0.7,0.7,0.0,0.7,0.30000000000000004
11,1513,3,280,280,0.802,0.802,0.0,0.802,0.19799999999999995
11,1285,3,250,250,0.745,0.745,0.0,0.745,0.255
11,1817,3,584,570,0.321,0.616,0.616,0.937,0.06299999999999994
11,1865,3,200,200,0.697,0.697,0.0,0.697,0.30300000000000005
11,1835,3,346,346,0.761,0.761,0.0,0.761,0.239
11,1839,3,432,432,0.865,0.865,0.0,0.865,0.135
11,1671,3,533,533,0.862,0.862,0.0,0.862,0.138
11,1441,3,142,142,0.946,0.946,0.0,0.946,0.05400000000000005
11,1513,3,280,280,0.776,0.776,0.0,0.776,0.22399999999999998
11,1273,3,266,266,0.726,0.726,0.0,0.726,0.274
11,1903,3,394,394,0.899,0.899,0.0,0.899,0.10099999999999998
11,1991,3,394,394,0.68,0.68,0.0,0.68,0.31999999999999995
11,1837,3,269,269,0.637,0.637,0.0,0.637,0.363
12,3841,3,118,118,0.868,0.868,0.0,0.868,0.132
12,3959,3,206,206,0.973,0.973,0.0,0.973,0.027000000000000024
12,3647,3,89,89,0.957,0.957,0.0,0.957,0.04300000000000004
12,3883,3,189,189,0.834,0.834,0.0,0.834,0.16600000000000004
12,3223,3,266,266,0.634,0.634,0.0,0.634,0.366
12,4037,3,390,390,0.692,0.692,0.0,0.692,0.30800000000000005
12,3869,3,522,522,0.639,0.639,0.0,0.639,0.361
12,4043,3,322,322,0.524,0.524,0.0,0.524,0.476
12,3497,3,78,78,0.982,0.982,0.0,0.982,0.018000000000000016
12,4037,3,490,490,0.991,0.991,0.0,0.991,0.009000000000000008
12,3827,3,839,689,0.221,0.594,0.639,0.86,0.14
12,2839,3,316,316,0.827,0.827,0.0,0.827,0.17300000000000004
12,3077,3,198,198,0.988,0.988,0.0,0.988,0.01200000000000001
12,3439,3,381,381,0.762,0.762,0.0,0.762,0.238
12,2881,3,198,198,0.985,0.985,0.0,0.985,0.015000000000000013
12,2893,3,205,205,0.539,0.539,0.0,0.539,0.46099999999999997
12,3641,3,140,140,0.923,0.923,0.0,0.923,0.07699999999999996
12,3505,3,370,370,0.479,0.479,0.0,0.479,0.521
12,3139,3,522,522,0.618,0.618,0.0,0.618,0.382
12,4031,3,203,203,0.523,0.523,0.0,0.523,0.477
12,2845,3,169,169,0.814,0.814,0.0,0.814,0.18600000000000005
12,3737,3,268,268,0.633,0.633,0.0,0.633,0.367
12,3829,3,310,310,0.822,0.822,0.0,0.822,0.17800000000000005
12,3949,3,162,162,0.818,0.818,0.0,0.818,0.18200000000000005
12,2995,3,242,242,0.959,0.959,0.0,0.959,0.041000000000000036
12,3763,3,310,310,0.625,0.625,0.0,0.625,0.375
12,3883,3,189,189,0.834,0.834,0.0,0.834,0.16600000000000004
12,3595,3,193,193,0.986,0.986,0.0,0.986,0.014000000000000012
12,3337,3,232,232,0.883,0.883,0.0,0.883,0.11699999999999999
12,3611,3,329,329,0.859,0.859,0.0,0.859,0.14100000000000001
12,3403,3,709,632,0.103,0.847,0.847,0.95,0.050000000000000044
12,3901,3,196,196,0.95,0.95,0.0,0.95,0.050000000000000044
12,2479,3,530,530,0.611,0.611,0.0,0.611,0.389
12,3349,3,252,252,0.95,0.95,0.0,0.95,0.050000000000000044
12,3077,3,366,366,0.925,0.925,0.0,0.925,0.07499999999999996
13,6191,3,425,425,0.946,0.946,0.0,0.946,0.05400000000000005
13,5893,3,225,225,0.993,0.993,0.0,0.993,0.007000000000000006
13,5263,3,241,241,0.985,0.985,0.0,0.985,0.015000000000000013
13,8021,4,302,302,0.955,0.955,0.0,0.955,0.04500000000000004
13,8047,4,210,210,0.908,0.908,0.0,0.908,0.09199999999999997
13,6683,3,540,540,0.669,0.669,0.0,0.669,0.33099999999999996
13,7811,4,145,145,0.568,0.568,0.0,0.568,0.43200000000000005
13,6973,3,372,372,0.937,0.937,0.0,0.937,0.06299999999999994
13,5963,3,294,294,0.723,0.723,0.0,0.723,0.277
13,6887,3,358,358,0.728,0.728,0.0,0.728,0.272
13,7235,3,93,93,0.852,0.852,0.0,0.852,0.14800000000000002
13,5767,3,361,361,0.84,0.84,0.0,0.84,0.16000000000000003
13,7171,3,313,313,0.601,0.601,0.0,0.601,0.399
13,7631,3,392,392,0.748,0.748,0.0,0.748,0.252
13,7831,4,126,126,0.788,0.788,0.0,0.788,0.21199999999999997
13,7303,3,476,476,0.623,0.623,0.0,0.623,0.377
13,7169,3,298,298,0.553,0.553,0.0,0.553,0.44699999999999995
13,7255,3,271,271,0.293,0.293,0.0,0.293,0.7070000000000001
13,7171,3,454,454,0.865,0.865,0.0,0.865,0.135
13,6835,3,90,90,0.992,0.992,0.0,0.992,0.008000000000000007
13,6463,3,426,426,0.456,0.456,0.0,0.456,0.544
13,5567,3,350,350,0.992,0.992,0.0,0.992,0.008000000000000007
13,6707,3,345,345,0.968,0.968,0.0,0.968,0.03200000000000003
13,7813,4,44,44,0.668,0.668,0.0,0.668,0.33199999999999996
13,7967,4,89,89,0.657,0.657,0.0,0.657,0.34299999999999997
13,7165,3,342,342,0.957,0.957,0.0,0.957,0.04300000000000004
13,5947,3,532,532,0.414,0.414,0.0,0.414,0.5860000000000001
13,5587,3,462,455,0.285,0.28,0.28,0.565,0.43500000000000005
13,6613,3,493,493,0.794,0.794,0.0,0.794,0.20599999999999996
13,6289,3,275,275,0.882,0.882,0.0,0.882,0.118
13,7201,3,70,70,0.966,0.966,0.0,0.966,0.03400000000000003
13,5947,3,532,532,0.379,0.379,0.0,0.379,0.621
13,6943,3,57,57,0.994,0.994,0.0,0.994,0.006000000000000005
13,7961,4,207,207,0.58,0.58,0.0,0.58,0.42000000000000004
13,7403,3,182,182,0.99,0.99,0.0,0.99,0.010000000000000009
14,15529,4,212,212,0.578,0.578,0.0,0.578,0.42200000000000004
14,16043,4,210,210,0.758,0.758,0.0,0.758,0.242
14,11915,4,126,126,0.357,0.357,0.0,0.357,0.643
14,16279,4,130,130,0.487,0.487,0.0,0.487,0.513
14,15833,4,234,234,0.619,0.619,0.0,0.619,0.381
14,12287,4,232,193,0.23,0.378,0.545,0.775,0.22499999999999998
14,13507,4,82,82,0.716,0.716,0.0,0.716,0.28400000000000003
14,11735,4,281,281,0.704,0.704,0.0,0.704,0.29600000000000004
14,15553,4,61,61,0.499,0.499,0.0,0.499,0.501
14,14111,4,78,78,0.464,0.464,0.0,0.464,0.536
14,14999,4,61,61,0.658,0.658,0.0,0.658,0.34199999999999997
14,11051,4,165,165,0.839,0.839,0.0,0.839,0.16100000000000003
14,11485,4,61,61,0.729,0.729,0.0,0.729,0.271
14,13663,4,94,94,0.533,0.533,0.0,0.533,0.46699999999999997
14,12533,4,105,105,0.781,0.781,0.0,0.781,0.21899999999999997
14,12001,4,29,29,0.742,0.742,0.0,0.742,0.258
14,13031,4,154,154,0.69,0.69,0.0,0.69,0.31000000000000005
14,15509,4,123,123,0.696,0.696,0.0,0.696,0.30400000000000005
14,15943,4,69,69,0.927,0.927,0.0,0.927,0.07299999999999995
14,10841,4,119,119,0.559,0.559,0.0,0.559,0.44099999999999995
14,12079,4,194,194,0.879,0.879,0.0,0.879,0.121
14,16259,4,121,121,0.712,0.712,0.0,0.712,0.28800000000000003
14,11341,4,82,79,0.525,0.437,0.437,0.962,0.038000000000000034
14,12913,4,118,118,0.584,0.584,0.0,0.584,0.41600000000000004
14,14921,4,92,92,0.55,0.55,0.0,0.55,0.44999999999999996
14,11359,4,277,264,0.201,0.389,0.389,0.5900000000000001,0.4099999999999999
14,12521,4,255,242,0.146,0.733,0.733,0.879,0.121
14,13403,4,98,98,0.976,0.976,0.0,0.976,0.02400000000000002
14,11189,4,185,185,0.637,0.637,0.0,0.637,0.363
14,10897,4,86,86,0.71,0.71,0.0,0.71,0.29000000000000004
14,16357,4,169,169,0.859,0.859,0.0,0.859,0.14100000000000001
14,15007,4,37,37,0.963,0.963,0.0,0.963,0.03700000000000003
14,16021,4,194,193,0.396,0.531,0.531,0.927,0.07299999999999995
14,10555,4,136,136,0.681,0.681,0.0,0.681,0.31899999999999995
14,14837,4,169,169,0.947,0.947,0.0,0.947,0.05300000000000005
15,19277,4,66,66,0.823,0.823,0.0,0.823,0.17700000000000005
15,30679,4,297,297,0.871,0.871,0.0,0.871,0.129
15,28523,4,317,317,0.821,0.821,0.0,0.821,0.17900000000000005
15,28529,4,182,182,0.982,0.982,0.0,0.982,0.018000000000000016
15,21331,4,142,142,0.508,0.508,0.0,0.508,0.492
15,25223,4,58,58,0.951,0.951,0.0,0.951,0.049000000000000044
15,25297,4,178,154,0.425,0.357,0.357,0.782,0.21799999999999997
15,29369,4,121,121,0.861,0.861,0.0,0.861,0.139
15,30131,4,133,133,0.576,0.576,0.0,0.576,0.42400000000000004
15,24685,4,80,80,0.797,0.797,0.0,0.797,0.20299999999999996
15,27977,4,138,138,0.882,0.882,0.0,0.882,0.118
15,30263,4,133,133,0.546,0.546,0.0,0.546,0.45399999999999996
15,23239,4,102,102,0.88,0.88,0.0,0.88,0.12
15,28999,4,302,302,0.534,0.534,0.0,0.534,0.46599999999999997
15,26045,4,69,69,0.871,0.871,0.0,0.871,0.129
15,32209,4,189,189,0.969,0.969,0.0,0.969,0.031000000000000028
15,32677,4,58,58,0.732,0.732,0.0,0.732,0.268
15,24313,4,90,90,0.618,0.618,0.0,0.618,0.382
15,23783,4,177,177,0.815,0.815,0.0,0.815,0.18500000000000005
15,32101,4,154,154,0.932,0.932,0.0,0.932,0.06799999999999995
15,32471,4,353,349,0.333,0.391,0.391,0.724,0.276
15,23147,4,30,30,0.838,0.838,0.0,0.838,0.16200000000000003
15,27563,4,34,34,0.864,0.864,0.0,0.864,0.136
15,19907,4,150,150,0.759,0.759,0.0,0.759,0.241
15,23489,4,137,137,0.877,0.877,0.0,0.877,0.123
15,19099,4,178,178,0.747,0.747,0.0,0.747,0.253
15,31949,4,194,194,0.973,0.973,0.0,0.973,0.027000000000000024
15,24991,4,77,77,0.521,0.521,0.0,0.521,0.479
15,21409,4,119,119,0.86,0.86,0.0,0.86,0.14
15,30413,4,205,205,0.719,0.719,0.0,0.719,0.281
15,20927,4,109,109,0.645,0.645,0.0,0.645,0.355
15,29503,4,149,149,0.467,0.467,0.0,0.467,0.5329999999999999
15,28009,4,105,105,0.458,0.458,0.0,0.458,0.542
15,31979,4,183,183,0.525,0.525,0.0,0.525,0.475
15,32731,4,257,241,0.241,0.558,0.558,0.799,0.20099999999999996
16,56881,4,130,130,0.652,0.652,0.0,0.652,0.348
16,37721,4,378,332,0.092,0.673,0.673,0.765,0.235
16,63193,4,138,138,0.836,0.836,0.0,0.836,0.16400000000000003
16,59623,4,270,270,0.697,0.697,0.0,0.697,0.30300000000000005
16,60377,4,337,337,0.654,0.654,0.0,0.654,0.346
16,52303,4,142,142,0.377,0.377,0.0,0.377,0.623
16,57091,4,159,159,0.967,0.967,0.0,0.967,0.03300000000000003
16,52589,4,246,246,0.967,0.967,0.0,0.967,0.03300000000000003
16,50381,4,58,58,0.653,0.653,0.0,0.653,0.347
16,62849,4,257,257,0.869,0.869,0.0,0.869,0.131
16,51523,4,233,233,0.2,0.2,0.0,0.2,0.8
16,60311,4,174,174,0.435,0.435,0.0,0.435,0.565
16,56881,4,154,154,0.614,0.614,0.0,0.614,0.386
16,53803,4,106,106,0.754,0.754,0.0,0.754,0.246
16,50719,4,265,229,0.213,0.6,0.6,0.813,0.18700000000000006
16,53191,4,103,103,0.659,0.659,0.0,0.659,0.34099999999999997
16,57229,4,129,129,0.832,0.832,0.0,0.832,0.16800000000000004
16,53219,4,205,205,0.863,0.863,0.0,0.863,0.137
16,54427,4,64,64,0.82,0.82,0.0,0.82,0.18000000000000005
16,63107,4,170,170,0.844,0.844,0.0,0.844,0.15600000000000003
16,52079,4,83,83,0.558,0.558,0.0,0.558,0.44199999999999995
16,58291,4,60,60,0.889,0.889,0.0,0.889,0.11099999999999999
16,48331,4,153,153,0.403,0.403,0.0,0.403,0.597
16,45749,4,67,67,0.59,0.59,0.0,0.59,0.41000000000000003
16,58399,4,145,145,0.73,0.73,0.0,0.73,0.27
16,62243,4,129,129,0.442,0.442,0.0,0.442,0.558
16,55907,4,218,218,0.474,0.474,0.0,0.474,0.526
16,51223,4,104,104,0.599,0.599,0.0,0.599,0.401
16,39577,4,221,221,0.452,0.452,0.0,0.452,0.548
16,58649,4,154,154,0.746,0.746,0.0,0.746,0.254
16,59893,4,241,241,0.688,0.688,0.0,0.688,0.31200000000000006
16,59603,4,192,192,0.472,0.472,0.0,0.472,0.528
16,48077,4,169,169,0.778,0.778,0.0,0.778,0.22199999999999998
16,34907,4,162,162,0.887,0.887,0.0,0.887,0.11299999999999999
16,49601,4,109,86,0.225,0.478,0.478,0.703,0.29700000000000004
17,96571,4,186,186,0.958,0.958,0.0,0.958,0.04200000000000004
17,88507,4,169,169,0.373,0.373,0.0,0.373,0.627
17,92063,4,309,309,0.917,0.917,0.0,0.917,0.08299999999999996
17,123133,4,213,213,0.593,0.593,0.0,0.593,0.40700000000000003
17,129683,4,62,62,0.902,0.902,0.0,0.902,0.09799999999999998
17,126221,4,230,230,0.58,0.58,0.0,0.58,0.42000000000000004
17,116887,4,319,319,0.524,0.524,0.0,0.524,0.476
17,113681,4,184,184,0.893,0.893,0.0,0.893,0.10699999999999998
17,125123,4,146,146,0.565,0.565,0.0,0.565,0.43500000000000005
17,101743,4,210,210,0.508,0.508,0.0,0.508,0.492
17,68251,4,198,198,0.704,0.704,0.0,0.704,0.29600000000000004
17,118919,4,118,118,0.949,0.949,0.0,0.949,0.051000000000000045
17,110767,4,200,190,0.187,0.562,0.776,0.9630000000000001,0.03699999999999992
17,102721,4,282,282,0.321,0.321,0.0,0.321,0.679
17,117853,4,268,268,0.748,0.748,0.0,0.748,0.252
17,87673,4,194,194,0.685,0.685,0.0,0.685,0.31499999999999995
17,83683,4,73,73,0.694,0.694,0.0,0.694,0.30600000000000005
17,99361,4,254,254,0.531,0.531,0.0,0.531,0.469
17,110393,4,258,258,0.498,0.498,0.0,0.498,0.502
17,124109,4,142,142,0.634,0.634,0.0,0.634,0.366
17,98603,4,217,217,0.554,0.554,0.0,0.554,0.44599999999999995
17,115559,4,200,200,0.974,0.974,0.0,0.974,0.026000000000000023
17,80081,4,149,149,0.77,0.77,0.0,0.77,0.22999999999999998
17,89029,4,149,149,0.737,0.737,0.0,0.737,0.263
17,94957,4,169,169,0.496,0.496,0.0,0.496,0.504
17,96119,4,177,177,0.645,0.645,0.0,0.645,0.355
17,116183,4,179,179,0.195,0.195,0.0,0.195,0.8049999999999999
17,113741,4,129,129,0.947,0.947,0.0,0.947,0.05300000000000005
17,96037,4,78,78,0.79,0.79,0.0,0.79,0.20999999999999996
17,98503,4,173,173,0.347,0.347,0.0,0.347,0.653
17,77921,4,320,282,0.219,0.538,0.5820000000000001,0.801,0.19899999999999995
17,127111,4,200,183,0.115,0.276,0.679,0.794,0.20599999999999996
17,108809,4,89,89,0.755,0.755,0.0,0.755,0.245
17,130667,4,57,57,0.677,0.677,0.0,0.677,0.32299999999999995
17,109643,4,230,230,0.952,0.952,0.0,0.952,0.04800000000000004
18,212323,4,166,166,0.761,0.761,0.0,0.761,0.239
18,236953,4,126,126,0.742,0.742,0.0,0.742,0.258
18,252019,4,37,37,0.881,0.881,0.0,0.881,0.119
18,252643,4,330,330,0.507,0.507,0.0,0.507,0.493
18,223739,4,126,126,0.453,0.453,0.0,0.453,0.5469999999999999
18,195499,4,212,212,0.674,0.674,0.0,0.674,0.32599999999999996
18,186197,4,167,167,0.966,0.966,0.0,0.966,0.03400000000000003
18,214349,4,74,74,0.854,0.854,0.0,0.854,0.14600000000000002
18,191593,4,239,239,0.538,0.538,0.0,0.538,0.46199999999999997
18,247679,4,191,191,0.685,0.685,0.0,0.685,0.31499999999999995
18,230983,4,350,350,0.62,0.62,0.0,0.62,0.38
18,219571,4,62,62,0.722,0.722,0.0,0.722,0.278
18,160267,4,148,148,0.882,0.882,0.0,0.882,0.118
18,252337,4,241,205,0.24,0.685,0.685,0.925,0.07499999999999996
18,188129,4,89,89,0.889,0.889,0.0,0.889,0.11099999999999999
18,178511,4,69,69,0.578,0.578,0.0,0.578,0.42200000000000004
18,238981,4,118,118,0.637,0.637,0.0,0.637,0.363
18,226721,4,52,52,0.94,0.94,0.0,0.94,0.06000000000000005
18,226747,4,89,89,0.614,0.614,0.0,0.614,0.386
18,206929,4,193,193,0.928,0.928,0.0,0.928,0.07199999999999995
18,218759,4,50,50,0.925,0.925,0.0,0.925,0.07499999999999996
18,238211,4,74,74,0.929,0.929,0.0,0.929,0.07099999999999995
18,251423,4,257,257,0.805,0.805,0.0,0.805,0.19499999999999995
18,238097,4,49,49,0.935,0.935,0.0,0.935,0.06499999999999995
18,231953,4,322,322,0.932,0.932,0.0,0.932,0.06799999999999995
18,232949,4,202,202,0.605,0.605,0.0,0.605,0.395
18,240161,4,61,61,0.624,0.624,0.0,0.624,0.376
18,169163,4,123,123,0.59,0.59,0.0,0.59,0.41000000000000003
18,168551,4,161,161,0.736,0.736,0.0,0.736,0.264
18,238129,4,53,53,0.676,0.676,0.0,0.676,0.32399999999999995
18,250237,4,134,134,0.631,0.631,0.0,0.631,0.369
18,237397,4,161,161,0.647,0.647,0.0,0.647,0.353
18,196327,4,181,181,0.962,0.962,0.0,0.962,0.038000000000000034
18,249793,4,68,68,0.974,0.974,0.0,0.974,0.026000000000000023
18,164323,4,381,369,0.282,0.291,0.291,0.573,0.42700000000000005
19,391463,4,161,161,0.627,0.627,0.0,0.627,0.373
19,507239,4,261,229,0.095,0.8,0.8,0.895,0.10499999999999998
19,362021,4,189,189,0.792,0.792,0.0,0.792,0.20799999999999996
19,451847,4,97,97,0.916,0.916,0.0,0.916,0.08399999999999996
19,468337,4,90,90,0.972,0.972,0.0,0.972,0.028000000000000025
19,386107,4,113,113,0.596,0.596,0.0,0.596,0.404
19,484843,4,317,313,0.321,0.423,0.423,0.744,0.256
19,334039,4,229,229,0.424,0.424,0.0,0.424,0.5760000000000001
19,484879,4,229,229,0.417,0.417,0.0,0.417,0.583
19,373889,4,211,211,0.807,0.807,0.0,0.807,0.19299999999999995
19,337333,4,54,54,0.75,0.75,0.0,0.75,0.25
19,442483,4,175,174,0.363,0.339,0.339,0.702,0.29800000000000004
19,452219,4,133,133,0.703,0.703,0.0,0.703,0.29700000000000004
19,445973,4,158,158,0.943,0.943,0.0,0.943,0.05700000000000005
19,512179,4,127,127,0.509,0.509,0.0,0.509,0.491
19,347719,4,229,229,0.71,0.71,0.0,0.71,0.29000000000000004
19,388441,4,193,193,0.547,0.547,0.0,0.547,0.45299999999999996
19,518993,4,104,104,0.562,0.562,0.0,0.562,0.43799999999999994
19,374791,4,77,77,0.701,0.701,0.0,0.701,0.29900000000000004
19,460447,4,225,225,0.976,0.976,0.0,0.976,0.02400000000000002
19,433009,4,301,301,0.282,0.282,0.0,0.282,0.718
19,513869,4,162,162,0.553,0.553,0.0,0.553,0.44699999999999995
19,475603,4,155,155,0.944,0.944,0.0,0.944,0.05600000000000005
19,495469,4,189,182,0.406,0.392,0.392,0.798,0.20199999999999996
19,510493,4,64,64,0.657,0.657,0.0,0.657,0.34299999999999997
19,413311,4,91,91,0.595,0.595,0.0,0.595,0.405
19,404933,4,97,97,0.371,0.371,0.0,0.371,0.629
19,461089,4,76,76,0.733,0.733,0.0,0.733,0.267
19,510221,4,166,154,0.281,0.404,0.404,0.685,0.31499999999999995
19,476309,4,63,63,0.907,0.907,0.0,0.907,0.09299999999999997
19,481601,4,158,158,0.962,0.962,0.0,0.962,0.038000000000000034
19,479173,4,314,314,0.941,0.941,0.0,0.941,0.05900000000000005
19,340987,4,380,380,0.855,0.855,0.0,0.855,0.14500000000000002
19,339337,4,235,235,0.907,0.907,0.0,0.907,0.09299999999999997
19,398521,4,117,117,0.367,0.367,0.0,0.367,0.633
20,931759,5,61,61,0.8,0.8,0.0,0.8,0.19999999999999996
20,828521,5,108,108,0.517,0.517,0.0,0.517,0.483
20,907289,5,97,97,0.609,0.609,0.0,0.609,0.391
20,786133,5,94,94,0.857,0.857,0.0,0.857,0.14300000000000002
20,767027,5,119,119,0.537,0.537,0.0,0.537,0.46299999999999997
20,805433,5,97,97,0.929,0.929,0.0,0.929,0.07099999999999995
20,939553,5,44,44,0.909,0.909,0.0,0.909,0.09099999999999997
20,994001,5,67,67,0.59,0.59,0.0,0.59,0.41000000000000003
20,824597,5,75,75,0.675,0.675,0.0,0.675,0.32499999999999996
20,967969,5,55,55,0.819,0.819,0.0,0.819,0.18100000000000005
20,894571,5,70,70,0.894,0.894,0.0,0.894,0.10599999999999998
20,961321,5,123,115,0.558,0.343,0.343,0.901,0.09899999999999998
20,826619,5,49,49,0.674,0.674,0.0,0.674,0.32599999999999996
20,849169,5,81,81,0.64,0.64,0.0,0.64,0.36
20,636941,5,105,105,0.842,0.842,0.0,0.842,0.15800000000000003
20,958147,5,93,93,0.498,0.498,0.0,0.498,0.502
20,1018663,5,86,84,0.47,0.282,0.282,0.752,0.248
20,903817,5,56,56,0.801,0.801,0.0,0.801,0.19899999999999995
20,661579,5,55,55,0.65,0.65,0.0,0.65,0.35
20,836503,5,58,58,0.919,0.919,0.0,0.919,0.08099999999999996
20,681211,5,162,162,0.552,0.552,0.0,0.552,0.44799999999999995
20,912827,5,58,58,0.958,0.958,0.0,0.958,0.04200000000000004
20,916301,5,82,82,0.883,0.883,0.0,0.883,0.11699999999999999
20,1043621,5,82,82,0.531,0.531,0.0,0.531,0.469
20,1035119,5,115,115,0.356,0.356,0.0,0.356,0.644
20,900227,5,82,74,0.309,0.45,0.45,0.759,0.241
20,950413,5,80,80,0.738,0.738,0.0,0.738,0.262
20,1027063,5,69,69,0.575,0.575,0.0,0.575,0.42500000000000004
20,1028351,5,139,133,0.488,0.266,0.266,0.754,0.246
20,895379,5,119,114,0.484,0.441,0.441,0.925,0.07499999999999996
20,712123,5,152,152,0.879,0.879,0.0,0.879,0.121
20,664219,5,93,93,0.628,0.628,0.0,0.628,0.372
20,938143,5,155,155,0.33,0.33,0.0,0.33,0.6699999999999999
20,1028723,5,63,63,0.89,0.89,0.0,0.89,0.10999999999999999
20,1028801,5,41,41,0.91,0.91,0.0,0.91,0.08999999999999997
21,1357933,5,111,111,0.9830000000000001,0.9830000000000001,0.0,0.9830000000000001,0.016999999999999904
21,1785703,5,114,112,0.246,0.315,0.315,0.5609999999999999,0.43900000000000006
21,1933951,5,106,106,0.863,0.863,0.0,0.863,0.137
21,1896533,5,121,121,0.498,0.498,0.0,0.498,0.502
21,1665283,5,150,150,0.285,0.285,0.0,0.285,0.7150000000000001
21,1986379,5,145,145,0.667,0.667,0.0,0.667,0.33299999999999996
21,1440521,5,78,78,0.948,0.948,0.0,0.948,0.052000000000000046
21,1210309,5,84,84,0.934,0.934,0.0,0.934,0.06599999999999995
21,1723643,5,106,106,0.456,0.456,0.0,0.456,0.544
21,2005867,5,102,102,0.826,0.826,0.0,0.826,0.17400000000000004
21,1385201,5,114,114,0.762,0.762,0.0,0.762,0.238
21,1793063,5,114,114,0.621,0.621,0.0,0.621,0.379
21,1470731,5,53,53,0.932,0.932,0.0,0.932,0.06799999999999995
21,1654837,5,127,118,0.308,0.574,0.574,0.8819999999999999,0.1180000000000001
21,1993751,5,85,85,0.653,0.653,0.0,0.653,0.347
21,2044957,5,104,104,0.838,0.838,0.0,0.838,0.16200000000000003
21,1944871,5,109,109,0.686,0.686,0.0,0.686,0.31399999999999995
21,1465697,5,118,118,0.802,0.802,0.0,0.802,0.19799999999999995
21,1755661,5,103,103,0.596,0.596,0.0,0.596,0.404
21,1443187,5,82,82,0.767,0.767,0.0,0.767,0.23299999999999998
21,1172299,5,121,110,0.151,0.735,0.735,0.886,0.11399999999999999
21,1353823,5,135,129,0.316,0.525,0.525,0.841,0.15900000000000003
21,1468541,5,106,106,0.936,0.936,0.0,0.936,0.06399999999999995
21,2023657,5,137,137,0.681,0.681,0.0,0.681,0.31899999999999995
21,1783871,5,91,91,0.792,0.792,0.0,0.792,0.20799999999999996
21,1859579,5,96,96,0.835,0.835,0.0,0.835,0.16500000000000004
21,1930697,5,122,122,0.807,0.807,0.0,0.807,0.19299999999999995
21,1613159,5,101,101,0.823,0.823,0.0,0.823,0.17700000000000005
21,1904083,5,100,100,0.909,0.909,0.0,0.909,0.09099999999999997
21,1881409,5,109,109,0.741,0.741,0.0,0.741,0.259
21,1956469,5,64,64,0.877,0.877,0.0,0.877,0.123
21,1629227,5,122,122,0.772,0.772,0.0,0.772,0.22799999999999998
21,2018867,5,149,137,0.169,0.578,0.578,0.747,0.253
21,1813711,5,106,106,0.94,0.94,0.0,0.94,0.06000000000000005
21,1171127,5,85,85,0.289,0.289,0.0,0.289,0.7110000000000001
22,3996599,5,94,94,0.759,0.759,0.0,0.759,0.241
22,3910007,5,120,106,0.334,0.365,0.365,0.6990000000000001,0.30099999999999993
22,3574841,5,120,120,0.565,0.565,0.0,0.565,0.43500000000000005
22,3756761,5,142,134,0.124,0.661,0.8420000000000001,0.9660000000000001,0.03399999999999992
22,2992091,5,111,111,0.578,0.578,0.0,0.578,0.42200000000000004
22,2677333,5,83,83,0.914,0.914,0.0,0.914,0.08599999999999997
22,3598669,5,115,115,0.642,0.642,0.0,0.642,0.358
22,3162689,5,93,93,0.648,0.648,0.0,0.648,0.352
22,3497629,5,118,118,0.649,0.649,0.0,0.649,0.351
22,2873207,5,86,86,0.389,0.389,0.0,0.389,0.611
22,4154981,5,126,126,0.672,0.672,0.0,0.672,0.32799999999999996
22,3817661,5,203,150,0.046,0.167,0.5790000000000001,0.6250000000000001,0.3749999999999999
22,3353951,5,63,63,0.672,0.672,0.0,0.672,0.32799999999999996
22,3254059,5,138,138,0.501,0.501,0.0,0.501,0.499
22,3114547,5,106,106,0.882,0.882,0.0,0.882,0.118
22,3965987,5,110,110,0.423,0.423,0.0,0.423,0.577
22,3885551,5,141,141,0.847,0.847,0.0,0.847,0.15300000000000002
22,3169163,5,91,91,0.649,0.649,0.0,0.649,0.351
22,3362803,5,89,89,0.766,0.766,0.0,0.766,0.23399999999999999
22,2885383,5,62,62,0.674,0.674,0.0,0.674,0.32599999999999996
22,3771301,5,87,87,0.618,0.618,0.0,0.618,0.382
22,3896069,5,105,105,0.783,0.783,0.0,0.783,0.21699999999999997
22,2937247,5,86,86,0.925,0.925,0.0,0.925,0.07499999999999996
22,3384893,5,122,121,0.27,0.4,0.4,0.67,0.32999999999999996
22,2980919,5,111,111,0.58,0.58,0.0,0.58,0.42000000000000004
22,4008811,5,79,79,0.877,0.877,0.0,0.877,0.123
22,3957871,5,125,125,0.802,0.802,0.0,0.802,0.19799999999999995
22,3899939,5,142,134,0.308,0.531,0.531,0.839,0.16100000000000003
22,3474781,5,135,131,0.318,0.527,0.527,0.845,0.15500000000000003
22,3146119,5,83,83,0.863,0.863,0.0,0.863,0.137
22,3946147,5,130,130,0.295,0.295,0.0,0.295,0.7050000000000001
22,3885179,5,166,139,0.265,0.686,0.686,0.9510000000000001,0.04899999999999993
22,3515471,5,117,117,0.695,0.695,0.0,0.695,0.30500000000000005
22,2266997,5,76,76,0.911,0.911,0.0,0.911,0.08899999999999997
22,4176629,5,62,62,0.943,0.943,0.0,0.943,0.05700000000000005
23,7928957,5,148,148,0.289,0.289,0.0,0.289,0.7110000000000001
23,8364817,5,125,125,0.662,0.662,0.0,0.662,0.33799999999999997
23,7827559,5,102,102,0.824,0.824,0.0,0.824,0.17600000000000005
23,8104247,5,113,113,0.438,0.438,0.0,0.438,0.562
23,7984637,5,111,111,0.65,0.65,0.0,0.65,0.35
23,6317959,5,109,109,0.646,0.646,0.0,0.646,0.354
23,8109043,5,130,130,0.53,0.53,0.0,0.53,0.47
23,8257489,5,121,121,0.637,0.637,0.0,0.637,0.363
23,8041013,5,94,94,0.799,0.799,0.0,0.799,0.20099999999999996
23,6369659,5,144,131,0.234,0.559,0.559,0.793,0.20699999999999996
23,5051317,5,66,66,0.672,0.672,0.0,0.672,0.32799999999999996
23,5554727,5,143,142,0.247,0.257,0.257,0.504,0.496
23,7881457,5,160,139,0.246,0.52,0.641,0.887,0.11299999999999999
23,6888029,5,108,108,0.613,0.613,0.0,0.613,0.387
23,7533479,5,148,148,0.772,0.772,0.0,0.772,0.22799999999999998
23,6436603,5,169,154,0.037,0.682,0.682,0.7190000000000001,0.2809999999999999
23,7318579,5,89,89,0.71,0.71,0.0,0.71,0.29000000000000004
23,5914679,5,147,143,0.151,0.26,0.5700000000000001,0.7210000000000001,0.2789999999999999
23,8038489,5,120,120,0.701,0.701,0.0,0.701,0.29900000000000004
23,5469599,5,104,104,0.664,0.664,0.0,0.664,0.33599999999999997
23,7221223,5,147,147,0.589,0.589,0.0,0.589,0.41100000000000003
23,7518613,5,82,82,0.941,0.941,0.0,0.941,0.05900000000000005
23,6985267,5,103,103,0.863,0.863,0.0,0.863,0.137
23,6811349,5,162,162,0.496,0.496,0.0,0.496,0.504
23,7722971,5,118,118,0.741,0.741,0.0,0.741,0.259
23,7465531,5,94,94,0.741,0.741,0.0,0.741,0.259
23,6002713,5,82,82,0.494,0.494,0.0,0.494,0.506
23,6718097,5,147,147,0.664,0.664,0.0,0.664,0.33599999999999997
23,5053033,5,98,98,0.699,0.699,0.0,0.699,0.30100000000000005
23,7428797,5,147,142,0.278,0.43,0.43,0.708,0.29200000000000004
23,7057321,5,62,62,0.717,0.717,0.0,0.717,0.28300000000000003
23,6043699,5,115,115,0.663,0.663,0.0,0.663,0.33699999999999997
23,7196279,5,139,139,0.866,0.866,0.0,0.866,0.134
23,8219473,5,86,86,0.291,0.291,0.0,0.291,0.7090000000000001
23,7081363,5,76,76,0.91,0.91,0.0,0.91,0.08999999999999997
24,12219553,5,78,78,0.674,0.674,0.0,0.674,0.32599999999999996
24,16501571,5,85,72,0.334,0.581,0.581,0.915,0.08499999999999996
24,14826923,5,88,88,0.719,0.719,0.0,0.719,0.281
24,16734623,5,70,70,0.776,0.776,0.0,0.776,0.22399999999999998
24,16609669,5,76,76,0.887,0.887,0.0,0.887,0.11299999999999999
24,11970137,5,103,103,0.863,0.863,0.0,0.863,0.137
24,15825167,5,178,136,0.132,0.448,0.737,0.869,0.131
24,13336303,5,94,94,0.608,0.608,0.0,0.608,0.392
24,13958699,5,105,105,0.83,0.83,0.0,0.83,0.17000000000000004
24,14196859,5,131,131,0.724,0.724,0.0,0.724,0.276
24,12236317,5,120,120,0.882,0.882,0.0,0.882,0.118
24,15982007,5,70,70,0.8,0.8,0.0,0.8,0.19999999999999996
24,15108991,5,110,110,0.493,0.493,0.0,0.493,0.507
24,13677533,5,134,134,0.81,0.81,0.0,0.81,0.18999999999999995
24,16088129,5,101,101,0.634,0.634,0.0,0.634,0.366
24,14211833,5,151,151,0.504,0.504,0.0,0.504,0.496
24,15243047,5,61,61,0.98,0.98,0.0,0.98,0.020000000000000018
24,14151343,5,82,82,0.935,0.935,0.0,0.935,0.06499999999999995
24,13042297,5,106,93,0.137,0.624,0.624,0.761,0.239
24,16216021,5,170,119,0.238,0.639,0.639,0.877,0.123
24,14126339,5,137,137,0.68,0.68,0.0,0.68,0.31999999999999995
24,15037369,5,120,120,0.642,0.642,0.0,0.642,0.358
24,15373279,5,98,98,0.281,0.281,0.0,0.281,0.719
24,8871383,5,55,55,0.759,0.759,0.0,0.759,0.241
24,11144657,5,110,110,0.46,0.46,0.0,0.46,0.54
24,14068441,5,114,114,0.751,0.751,0.0,0.751,0.249
24,14582357,5,126,94,0.256,0.619,0.619,0.875,0.125
24,13504889,5,52,52,0.867,0.867,0.0,0.867,0.133
24,13858477,5,82,82,0.862,0.862,0.0,0.862,0.138
24,15885379,5,97,97,0.753,0.753,0.0,0.753,0.247
24,14456483,5,141,141,0.612,0.612,0.0,0.612,0.388
24,15698801,5,149,133,0.304,0.635,0.635,0.9390000000000001,0.06099999999999994
24,12294593,5,110,110,0.914,0.914,0.0,0.914,0.08599999999999997
24,15800987,5,170,170,0.604,0.604,0.0,0.604,0.396
24,10928663,5,105,105,0.722,0.722,0.0,0.722,0.278
25,20766091,5,130,130,0.924,0.924,0.0,0.924,0.07599999999999996
25,31765963,5,81,81,0.881,0.881,0.0,0.881,0.119
25,30475741,5,109,109,0.864,0.864,0.0,0.864,0.136
25,27847933,5,193,131,0.285,0.312,0.312,0.597,0.403
25,29510177,5,130,126,0.518,0.372,0.372,0.89,0.10999999999999999
25,27826759,5,142,142,0.375,0.375,0.0,0.375,0.625
25,25801003,5,111,111,0.953,0.953,0.0,0.953,0.04700000000000004
25,31256803,5,93,93,0.967,0.967,0.0,0.967,0.03300000000000003
25,22322681,5,141,141,0.505,0.505,0.0,0.505,0.495
25,26389133,5,169,154,0.057,0.249,0.663,0.7200000000000001,0.2799999999999999
25,33413767,5,75,75,0.895,0.895,0.0,0.895,0.10499999999999998
25,28575109,5,77,77,0.834,0.834,0.0,0.834,0.16600000000000004
25,27221723,5,121,121,0.308,0.308,0.0,0.308,0.692
25,20963083,5,106,106,0.953,0.953,0.0,0.953,0.04700000000000004
25,23746757,5,125,125,0.642,0.642,0.0,0.642,0.358
25,19817059,5,91,91,0.533,0.533,0.0,0.533,0.46699999999999997
25,31143647,5,102,102,0.737,0.737,0.0,0.737,0.263
25,20543437,5,111,108,0.449,0.362,0.362,0.8109999999999999,0.18900000000000006
25,25826081,5,53,53,0.903,0.903,0.0,0.903,0.09699999999999998
25,31819691,5,109,109,0.797,0.797,0.0,0.797,0.20299999999999996
25,24425129,5,135,135,0.481,0.481,0.0,0.481,0.519
25,28803527,5,91,91,0.757,0.757,0.0,0.757,0.243
25,28764997,5,92,92,0.847,0.847,0.0,0.847,0.15300000000000002
25,28236941,5,126,126,0.584,0.584,0.0,0.584,0.41600000000000004
25,26186207,5,115,115,0.81,0.81,0.0,0.81,0.18999999999999995
25,21767017,5,163,163,0.508,0.508,0.0,0.508,0.492
25,28260119,5,102,102,0.829,0.829,0.0,0.829,0.17100000000000004
25,24917771,5,85,85,0.661,0.661,0.0,0.661,0.33899999999999997
25,32265733,5,85,85,0.799,0.799,0.0,0.799,0.20099999999999996
25,28446577,5,106,106,0.621,0.621,0.0,0.621,0.379
25,32114297,5,129,129,0.512,0.512,0.0,0.512,0.488
25,30184519,5,76,76,0.558,0.558,0.0,0.558,0.44199999999999995
25,18484979,5,118,118,0.698,0.698,0.0,0.698,0.30200000000000005
25,18761401,5,110,110,0.606,0.606,0.0,0.606,0.394
25,25637749,5,125,125,0.705,0.705,0.0,0.705,0.29500000000000004
26,48614959,5,85,85,0.784,0.784,0.0,0.784,0.21599999999999997
26,58510927,6,143,98,0.22,0.125,0.195,0.41500000000000004,0.585
26,55984459,5,159,142,0.138,0.503,0.503,0.641,0.359
26,58944799,6,118,111,0.557,0.163,0.163,0.7200000000000001,0.2799999999999999
26,65615959,6,76,76,0.94,0.94,0.0,0.94,0.06000000000000005
26,43544651,5,105,105,0.937,0.937,0.0,0.937,0.06299999999999994
26,48782681,5,83,83,0.784,0.784,0.0,0.784,0.21599999999999997
26,62531473,6,79,79,0.779,0.779,0.0,0.779,0.22099999999999997
26,36951503,5,85,85,0.769,0.769,0.0,0.769,0.23099999999999998
26,52102667,5,147,147,0.841,0.841,0.0,0.841,0.15900000000000003
26,55626973,5,154,142,0.125,0.669,0.669,0.794,0.20599999999999996
26,55766713,5,102,102,0.654,0.654,0.0,0.654,0.346
26,49868129,5,138,138,0.359,0.359,0.0,0.359,0.641
26,41060363,5,127,127,0.667,0.667,0.0,0.667,0.33299999999999996
26,62905963,6,109,70,0.037,0.285,0.907,0.9440000000000001,0.05599999999999994
26,66073417,6,88,88,0.785,0.785,0.0,0.785,0.21499999999999997
26,55022791,5,99,99,0.695,0.695,0.0,0.695,0.30500000000000005
26,60395311,6,66,66,0.935,0.935,0.0,0.935,0.06499999999999995
26,46961833,5,102,102,0.575,0.575,0.0,0.575,0.42500000000000004
26,65692819,6,60,60,0.793,0.793,0.0,0.793,0.20699999999999996
26,48077231,5,166,158,0.207,0.493,0.493,0.7,0.30000000000000004
26,58053713,6,102,102,0.6859999999999999,0.6859999999999999,0.0,0.6859999999999999,0.31400000000000006
26,47518957,5,130,130,0.701,0.701,0.0,0.701,0.29900000000000004
26,60469573,6,55,55,0.949,0.949,0.0,0.949,0.051000000000000045
26,61262567,6,56,56,0.824,0.824,0.0,0.824,0.17600000000000005
26,45710111,5,158,131,0.315,0.468,0.468,0.783,0.21699999999999997
26,48480823,5,142,142,0.664,0.664,0.0,0.664,0.33599999999999997
26,59838637,6,89,89,0.91,0.91,0.0,0.91,0.08999999999999997
26,57285821,5,146,146,0.485,0.485,0.0,0.485,0.515
26,66730901,6,112,112,0.866,0.866,0.0,0.866,0.134
26,56508191,5,154,154,0.736,0.736,0.0,0.736,0.264
26,59879153,6,85,72,0.128,0.745,0.745,0.873,0.127
26,63062971,6,88,88,0.84,0.84,0.0,0.84,0.16000000000000003
26,54001361,5,121,121,0.466,0.466,0.0,0.466,0.534
26,66493501,6,106,106,0.571,0.571,0.0,0.571,0.42900000000000005
27,114484297,6,66,66,0.741,0.741,0.0,0.741,0.259
27,118613723,6,78,78,0.835,0.835,0.0,0.835,0.16500000000000004
27,127468709,6,60,60,0.95,0.95,0.0,0.95,0.050000000000000044
27,102563761,6,67,67,0.787,0.787,0.0,0.787,0.21299999999999997
27,121652077,6,139,90,0.039,0.48,0.862,0.901,0.09899999999999998
27,124909529,6,71,71,0.602,0.602,0.0,0.602,0.398
27,109736269,6,99,99,0.23,0.23,0.0,0.23,0.77
27,93603689,6,118,94,0.079,0.668,0.847,0.9259999999999999,0.07400000000000007
27,109155533,6,125,125,0.371,0.371,0.0,0.371,0.629
27,111269927,6,83,83,0.474,0.474,0.0,0.474,0.526
27,125653193,6,144,65,0.038,0.422,0.8109999999999999,0.849,0.15100000000000002
27,121963529,6,98,98,0.937,0.937,0.0,0.937,0.06299999999999994
27,92092921,6,147,113,0.033,0.309,0.8700000000000001,0.9030000000000001,0.09699999999999986
27,133770227,6,92,92,0.374,0.374,0.0,0.374,0.626
27,118326151,6,63,63,0.905,0.905,0.0,0.905,0.09499999999999997
27,103327621,6,93,84,0.353,0.524,0.524,0.877,0.123
27,131298749,6,73,73,0.916,0.916,0.0,0.916,0.08399999999999996
27,127221373,6,87,87,0.622,0.622,0.0,0.622,0.378
27,119841529,6,123,123,0.322,0.322,0.0,0.322,0.6779999999999999
27,133925431,6,81,81,0.689,0.689,0.0,0.689,0.31100000000000005
27,120822421,6,127,123,0.218,0.38,0.38,0.598,0.402
27,107477849,6,49,49,0.962,0.962,0.0,0.962,0.038000000000000034
27,128181499,6,79,79,0.667,0.667,0.0,0.667,0.33299999999999996
27,93056647,6,78,78,0.59,0.59,0.0,0.59,0.41000000000000003
27,118111447,6,71,71,0.841,0.841,0.0,0.841,0.15900000000000003
27,127707787,6,70,70,0.855,0.855,0.0,0.855,0.14500000000000002
27,128000069,6,87,87,0.661,0.661,0.0,0.661,0.33899999999999997
27,127663843,6,70,70,0.896,0.896,0.0,0.896,0.10399999999999998
27,133385827,6,127,112,0.225,0.074,0.078,0.303,0.6970000000000001
27,124929793,6,79,72,0.231,0.565,0.565,0.7959999999999999,0.20400000000000007
27,90639817,6,94,94,0.541,0.541,0.0,0.541,0.45899999999999996
27,120477713,6,99,99,0.783,0.783,0.0,0.783,0.21699999999999997
27,74801149,6,104,104,0.524,0.524,0.0,0.524,0.476
27,86366131,6,103,103,0.991,0.991,0.0,0.991,0.009000000000000008
27,118074007,6,98,98,0.455,0.455,0.0,0.455,0.5449999999999999
28,205519519,6,130,127,0.092,0.19,0.19,0.28200000000000003,0.718
28,176362181,6,82,82,0.629,0.629,0.0,0.629,0.371
28,159355243,6,63,63,0.173,0.173,0.0,0.173,0.827
28,184573877,6,106,106,0.7689999999999999,0.7689999999999999,0.0,0.7689999999999999,0.2310000000000001
28,253763701,6,80,80,0.63,0.63,0.0,0.63,0.37
28,232755683,6,132,102,0.01,0.566,0.733,0.743,0.257
28,250117667,6,73,73,0.931,0.931,0.0,0.931,0.06899999999999995
28,178632409,6,111,111,0.747,0.747,0.0,0.747,0.253
28,258724369,6,74,74,0.834,0.834,0.0,0.834,0.16600000000000004
28,235159319,6,131,131,0.371,0.371,0.0,0.371,0.629
28,263054377,6,90,90,0.606,0.606,0.0,0.606,0.394
28,177639691,6,91,91,0.746,0.746,0.0,0.746,0.254
28,187436363,6,95,95,0.755,0.755,0.0,0.755,0.245
28,260732149,6,86,86,0.881,0.881,0.0,0.881,0.119
28,212881481,6,99,99,0.58,0.58,0.0,0.58,0.42000000000000004
28,186693187,6,124,124,0.411,0.411,0.0,0.411,0.589
28,208953461,6,110,110,0.444,0.444,0.0,0.444,0.556
28,222716257,6,127,122,0.209,0.1,0.21000000000000002,0.41900000000000004,0.581
28,206811821,6,87,87,0.655,0.655,0.0,0.655,0.345
28,205963253,6,97,97,0.586,0.586,0.0,0.586,0.41400000000000003
28,157695049,6,98,98,0.743,0.743,0.0,0.743,0.257
28,190317461,6,79,79,0.776,0.776,0.0,0.776,0.22399999999999998
28,212130227,6,121,100,0.368,0.264,0.264,0.632,0.368
28,210690187,6,77,77,0.684,0.684,0.0,0.684,0.31599999999999995
28,162852301,6,141,139,0.363,0.503,0.503,0.866,0.134
28,199048147,6,106,106,0.682,0.682,0.0,0.682,0.31799999999999995
28,259906973,6,91,91,0.756,0.756,0.0,0.756,0.244
28,232002473,6,109,109,0.039,0.039,0.0,0.039,0.961
28,246472673,6,126,126,0.511,0.511,0.0,0.511,0.489
28,181954067,6,71,71,0.845,0.845,0.0,0.845,0.15500000000000003
28,243010231,6,108,108,0.771,0.771,0.0,0.771,0.22899999999999998
28,261700609,6,66,66,0.699,0.699,0.0,0.699,0.30100000000000005
28,237199951,6,89,89,0.331,0.331,0.0,0.331,0.669
28,140784689,6,75,75,0.952,0.952,0.0,0.952,0.04800000000000004
28,203203927,6,89,89,0.602,0.602,0.0,0.602,0.398
29,519480187,6,56,56,0.866,0.866,0.0,0.866,0.134
29,379244377,6,102,102,0.855,0.855,0.0,0.855,0.14500000000000002
29,505956811,6,74,74,0.761,0.761,0.0,0.761,0.239
29,434814001,6,87,87,0.119,0.119,0.0,0.119,0.881
29,448066691,6,82,82,0.728,0.728,0.0,0.728,0.272
29,426560353,6,106,106,0.146,0.146,0.0,0.146,0.854
29,457145863,6,118,118,0.762,0.762,0.0,0.762,0.238
29,460119817,6,104,104,0.244,0.244,0.0,0.244,0.756
29,433645073,6,98,83,0.321,0.556,0.556,0.877,0.123
29,482138329,6,146,117,0.014,0.188,0.628,0.642,0.358
29,493004789,6,90,90,0.733,0.733,0.0,0.733,0.267
29,453423203,6,93,93,0.789,0.789,0.0,0.789,0.21099999999999997
29,517228463,6,128,113,0.149,0.709,0.709,0.858,0.14200000000000002
29,464938273,6,96,96,0.684,0.684,0.0,0.684,0.31599999999999995
29,435299273,6,117,106,0.348,0.311,0.311,0.659,0.34099999999999997
29,420914173,6,94,94,0.906,0.906,0.0,0.906,0.09399999999999997
29,513811799,6,118,115,0.442,0.304,0.304,0.746,0.254
29,297597793,6,80,80,0.461,0.461,0.0,0.461,0.5389999999999999
29,279943483,6,57,57,0.604,0.604,0.0,0.604,0.396
29,422710747,6,79,79,0.837,0.837,0.0,0.837,0.16300000000000003
29,383142917,6,95,95,0.587,0.587,0.0,0.587,0.41300000000000003
29,378751403,6,102,102,0.543,0.543,0.0,0.543,0.45699999999999996
29,522668687,6,66,66,0.977,0.977,0.0,0.977,0.02300000000000002
29,411257521,6,91,91,0.933,0.933,0.0,0.933,0.06699999999999995
29,328834967,6,72,72,0.917,0.917,0.0,0.917,0.08299999999999996
29,521936663,6,93,93,0.809,0.809,0.0,0.809,0.19099999999999995
29,296065969,6,75,75,0.791,0.791,0.0,0.791,0.20899999999999996
29,459970607,6,63,63,0.967,0.967,0.0,0.967,0.03300000000000003
29,497448311,6,91,91,0.842,0.842,0.0,0.842,0.15800000000000003
29,484325921,6,99,99,0.393,0.393,0.0,0.393,0.607
29,482125607,6,87,87,0.626,0.626,0.0,0.626,0.374
29,430406359,6,103,103,0.902,0.902,0.0,0.902,0.09799999999999998
29,433874053,6,117,117,0.573,0.573,0.0,0.573,0.42700000000000005
29,517636879,6,122,114,0.124,0.451,0.829,0.953,0.04700000000000004
29,494648761,6,126,114,0.088,0.087,0.123,0.211,0.789
30,999564481,6,103,103,0.901,0.901,0.0,0.901,0.09899999999999998
30,971107531,6,106,106,0.527,0.527,0.0,0.527,0.473
30,990748639,6,92,92,0.75,0.75,0.0,0.75,0.25
30,1071880333,6,92,92,0.306,0.306,0.0,0.306,0.694
30,1018018861,6,122,104,0.082,0.707,0.825,0.9069999999999999,0.09300000000000008
30,706920143,6,114,114,0.357,0.357,0.0,0.357,0.643
30,1033263577,6,97,91,0.176,0.614,0.614,0.79,0.20999999999999996
30,836154713,6,83,83,0.939,0.939,0.0,0.939,0.061000000000000054
30,679356449,6,70,70,0.836,0.836,0.0,0.836,0.16400000000000003
30,1055493793,6,63,63,0.793,0.793,0.0,0.793,0.20699999999999996
30,1007188673,6,107,107,0.854,0.854,0.0,0.854,0.14600000000000002
30,825445123,6,82,82,0.757,0.757,0.0,0.757,0.243
30,1038072449,6,93,93,0.594,0.594,0.0,0.594,0.406
30,791099801,6,118,118,0.594,0.594,0.0,0.594,0.406
30,676399561,6,82,82,0.829,0.829,0.0,0.829,0.17100000000000004
30,1057735897,6,114,114,0.945,0.945,0.0,0.945,0.05500000000000005
30,622325057,6,116,116,0.843,0.843,0.0,0.843,0.15700000000000003
30,718965329,6,107,107,0.69,0.69,0.0,0.69,0.31000000000000005
30,650829433,6,71,71,0.914,0.914,0.0,0.914,0.08599999999999997
30,846228401,6,102,102,0.516,0.516,0.0,0.516,0.484
30,967468477,6,120,120,0.631,0.631,0.0,0.631,0.369
30,1058979203,6,126,124,0.666,0.202,0.202,0.8680000000000001,0.1319999999999999
30,590160187,6,95,95,0.605,0.605,0.0,0.605,0.395
30,1024211311,6,89,89,0.754,0.754,0.0,0.754,0.246
30,1028194451,6,116,116,0.804,0.804,0.0,0.804,0.19599999999999995
30,592943137,6,81,81,0.638,0.638,0.0,0.638,0.362
30,927570793,6,87,87,0.628,0.628,0.0,0.628,0.372
30,781851547,6,116,106,0.23,0.399,0.623,0.853,0.14700000000000002
30,912526207,6,117,117,0.651,0.651,0.0,0.651,0.349
30,931149617,6,70,70,0.945,0.945,0.0,0.945,0.05500000000000005
30,615932609,6,99,99,0.884,0.884,0.0,0.884,0.11599999999999999
30,834303079,6,80,80,0.662,0.662,0.0,0.662,0.33799999999999997
30,697197247,6,110,110,0.557,0.557,0.0,0.557,0.44299999999999995
30,760822991,6,140,138,0.29,0.197,0.197,0.487,0.513
30,707507641,6,63,63,0.922,0.922,0.0,0.922,0.07799999999999996
31,1770368461,6,106,104,0.575,0.379,0.379,0.954,0.04600000000000004
31,1806575983,6,128,122,0.357,0.412,0.412,0.7689999999999999,0.2310000000000001
31,2122065493,6,109,109,0.903,0.903,0.0,0.903,0.09699999999999998
31,1363091551,6,138,138,0.577,0.577,0.0,0.577,0.42300000000000004
31,2120536403,6,94,94,0.814,0.814,0.0,0.814,0.18600000000000005
31,1493862779,6,151,139,0.101,0.556,0.762,0.863,0.137
31,1460601113,6,114,114,0.634,0.634,0.0,0.634,0.366
31,1329331327,6,115,87,0.159,0.743,0.743,0.902,0.09799999999999998
31,1452297719,6,139,108,0.084,0.412,0.844,0.9279999999999999,0.07200000000000006
31,1673177767,6,115,98,0.073,0.884,0.884,0.957,0.04300000000000004
31,1967103559,6,111,111,0.384,0.384,0.0,0.384,0.616
31,1773296123,6,157,157,0.747,0.747,0.0,0.747,0.253
31,1571783567,6,134,128,0.089,0.432,0.6859999999999999,0.7749999999999999,0.2250000000000001
31,1989780119,6,99,99,0.956,0.956,0.0,0.956,0.04400000000000004
31,1669265791,6,126,126,0.712,0.712,0.0,0.712,0.28800000000000003
31,1791587719,6,114,114,0.637,0.637,0.0,0.637,0.363
31,1567501499,6,106,99,0.325,0.514,0.5660000000000001,0.891,0.10899999999999999
31,1564082189,6,92,92,0.781,0.781,0.0,0.781,0.21899999999999997
31,1465083773,6,136,125,0.051,0.545,0.906,0.9570000000000001,0.04299999999999993
31,1800636127,6,54,54,0.96,0.96,0.0,0.96,0.040000000000000036
31,1246795747,6,118,109,0.306,0.563,0.563,0.869,0.131
31,1927045541,6,106,106,0.942,0.942,0.0,0.942,0.05800000000000005
31,1784585287,6,73,73,0.945,0.945,0.0,0.945,0.05500000000000005
31,1937999447,6,114,114,0.135,0.135,0.0,0.135,0.865
31,1563327643,6,124,99,0.227,0.49,0.663,0.89,0.10999999999999999
31,1756176179,6,62,62,0.892,0.892,0.0,0.892,0.10799999999999998
31,1782295343,6,117,117,0.898,0.898,0.0,0.898,0.10199999999999998
31,1570567807,6,126,109,0.474,0.386,0.386,0.86,0.14
31,1476171457,6,106,106,0.903,0.903,0.0,0.903,0.09699999999999998
31,1691129987,6,98,98,0.5,0.5,0.0,0.5,0.5
31,2041154881,6,79,79,0.085,0.085,0.0,0.085,0.915
31,1518971863,6,101,91,0.071,0.128,0.14200000000000002,0.21300000000000002,0.7869999999999999
31,1423072451,6,116,116,0.839,0.839,0.0,0.839,0.16100000000000003
31,1583810953,6,174,155,0.386,0.075,0.22899999999999998,0.615,0.385
31,1957494001,6,94,94,0.695,0.695,0.0,0.695,0.30500000000000005
32,2429024261,6,114,114,0.867,0.867,0.0,0.867,0.133
32,2850170249,6,122,122,0.652,0.652,0.0,0.652,0.348
32,3171353299,6,94,94,0.953,0.953,0.0,0.953,0.04700000000000004
32,2868923903,6,99,99,0.652,0.652,0.0,0.652,0.348
32,4105401103,6,93,93,0.927,0.927,0.0,0.927,0.07299999999999995
32,4069668389,6,107,107,0.717,0.717,0.0,0.717,0.28300000000000003
32,3998795597,6,100,100,0.071,0.071,0.0,0.071,0.929
32,3483761483,6,96,96,0.775,0.775,0.0,0.775,0.22499999999999998
32,3847286923,6,74,74,0.932,0.932,0.0,0.932,0.06799999999999995
32,3730757227,6,117,117,0.514,0.514,0.0,0.514,0.486
32,3821999941,6,110,110,0.75,0.75,0.0,0.75,0.25
32,2548217963,6,123,123,0.6910000000000001,0.6910000000000001,0.0,0.6910000000000001,0.30899999999999994
32,4023821519,6,123,123,0.833,0.833,0.0,0.833,0.16700000000000004
32,3551352089,6,89,89,0.893,0.893,0.0,0.893,0.10699999999999998
32,3227194843,6,112,112,0.816,0.816,0.0,0.816,0.18400000000000005
32,2873977181,6,92,92,0.748,0.748,0.0,0.748,0.252
32,4001142617,6,139,123,0.099,0.728,0.8039999999999999,0.9029999999999999,0.09700000000000009
32,3685199569,6,106,106,0.805,0.805,0.0,0.805,0.19499999999999995
32,3848161007,6,111,103,0.123,0.637,0.829,0.952,0.04800000000000004
32,3857826683,6,123,123,0.758,0.758,0.0,0.758,0.242
32,3771515287,6,87,87,0.817,0.817,0.0,0.817,0.18300000000000005
32,2701691887,6,81,81,0.733,0.733,0.0,0.733,0.267
32,3581254991,6,70,70,0.799,0.799,0.0,0.799,0.20099999999999996
32,3009043139,6,166,158,0.186,0.224,0.732,0.9179999999999999,0.08200000000000007
32,3305962739,6,131,131,0.734,0.734,0.0,0.734,0.266
32,3393720703,6,119,105,0.18,0.701,0.701,0.881,0.119
32,3718018147,6,115,115,0.66,0.66,0.0,0.66,0.33999999999999997
32,2799913009,6,127,127,0.426,0.426,0.0,0.426,0.5740000000000001
32,2771872421,6,94,94,0.429,0.429,0.0,0.429,0.571
32,4030486013,6,115,91,0.261,0.637,0.637,0.898,0.10199999999999998
32,3494684069,6,137,127,0.041,0.304,0.304,0.345,0.655
32,3558270437,6,142,142,0.285,0.285,0.0,0.285,0.7150000000000001
32,4016317093,6,112,112,0.652,0.652,0.0,0.652,0.348
32,3769461739,6,132,127,0.052,0.163,0.163,0.215,0.785
32,3058861207,6,90,90,0.935,0.935,0.0,0.935,0.06499999999999995
33,8033309741,7,67,67,0.813,0.813,0.0,0.813,0.18700000000000006
33,6529276909,6,118,118,0.883,0.883,0.0,0.883,0.11699999999999999
33,7381264133,7,75,75,0.601,0.601,0.0,0.601,0.399
33,7481848783,7,76,76,0.486,0.486,0.0,0.486,0.514
33,7720091377,7,108,92,0.128,0.161,0.525,0.653,0.347
33,5856738677,6,136,116,0.239,0.296,0.369,0.608,0.392
33,8335437349,7,96,96,0.117,0.117,0.0,0.117,0.883
33,6625930343,6,114,114,0.585,0.585,0.0,0.585,0.41500000000000004
33,7321148789,7,77,77,0.872,0.872,0.0,0.872,0.128
33,7750761727,7,63,63,0.887,0.887,0.0,0.887,0.11299999999999999
33,6581389733,6,115,115,0.457,0.457,0.0,0.457,0.5429999999999999
33,7422042763,7,127,116,0.387,0.178,0.178,0.565,0.43500000000000005
33,7203147829,7,99,99,0.581,0.581,0.0,0.581,0.41900000000000004
33,8138245501,7,107,96,0.425,0.174,0.174,0.599,0.401
33,5741506079,6,125,114,0.342,0.502,0.502,0.8440000000000001,0.15599999999999992
33,8423322899,7,100,100,0.196,0.196,0.0,0.196,0.804
33,5969216417,6,102,102,0.543,0.543,0.0,0.543,0.45699999999999996
33,8533515037,7,87,87,0.612,0.612,0.0,0.612,0.388
33,4812591079,6,76,76,0.861,0.861,0.0,0.861,0.139
33,6717840457,6,95,95,0.643,0.643,0.0,0.643,0.357
33,6716597501,6,119,119,0.917,0.917,0.0,0.917,0.08299999999999996
33,8178635119,7,99,99,0.624,0.624,0.0,0.624,0.376
33,6409972993,6,115,103,0.163,0.6659999999999999,0.6659999999999999,0.829,0.17100000000000004
33,7543017701,7,86,86,0.484,0.484,0.0,0.484,0.516
33,8318817131,7,134,134,0.207,0.207,0.0,0.207,0.793
33,8258014511,7,81,81,0.696,0.696,0.0,0.696,0.30400000000000005
33,5904827813,6,111,111,0.68,0.68,0.0,0.68,0.31999999999999995
33,8511930101,7,92,92,0.725,0.725,0.0,0.725,0.275
33,7674941327,7,89,89,0.101,0.101,0.0,0.101,0.899
33,7009478569,7,85,85,0.707,0.707,0.0,0.707,0.29300000000000004
33,7117001863,7,94,94,0.512,0.512,0.0,0.512,0.488
33,7422197369,7,111,111,0.026,0.026,0.0,0.026,0.974
33,5590110013,6,78,78,0.753,0.753,0.0,0.753,0.247
33,7446597181,7,125,120,0.316,0.3,0.521,0.837,0.16300000000000003
33,7334071247,7,83,83,0.81,0.81,0.0,0.81,0.18999999999999995
34,16923873877,7,122,122,0.301,0.301,0.0,0.301,0.6990000000000001
34,13352478553,7,88,88,0.437,0.437,0.0,0.437,0.563
34,13014880327,7,138,138,0.548,0.548,0.0,0.548,0.45199999999999996
34,10661071787,7,49,49,0.645,0.645,0.0,0.645,0.355
34,17112792493,7,71,71,0.873,0.873,0.0,0.873,0.127
34,14032767029,7,85,85,0.702,0.702,0.0,0.702,0.29800000000000004
34,15149353907,7,116,106,0.024,0.04,0.04,0.064,0.9359999999999999
34,17075937121,7,109,109,0.167,0.167,0.0,0.167,0.833
34,16738439869,7,92,92,0.261,0.261,0.0,0.261,0.739
34,13506757697,7,80,80,0.446,0.446,0.0,0.446,0.554
34,14942128703,7,118,118,0.45,0.45,0.0,0.45,0.55
34,14152781407,7,146,89,0.009,0.277,0.814,0.823,0.17700000000000005
34,14269593193,7,89,78,0.004,0.705,0.705,0.709,0.29100000000000004
34,14496436727,7,122,122,0.609,0.609,0.0,0.609,0.391
34,9532714201,7,114,102,0.222,0.503,0.503,0.725,0.275
34,12868565147,7,126,126,0.349,0.349,0.0,0.349,0.651
34,16715147849,7,79,79,0.898,0.898,0.0,0.898,0.10199999999999998
34,15619295663,7,77,77,0.682,0.682,0.0,0.682,0.31799999999999995
34,14040442291,7,111,98,0.13,0.656,0.656,0.786,0.21399999999999997
34,15254442187,7,156,151,0.296,0.23,0.497,0.7929999999999999,0.20700000000000007
34,15523770463,7,100,98,0.621,0.063,0.063,0.6839999999999999,0.31600000000000006
34,14415870673,7,127,122,0.171,0.237,0.418,0.589,0.41100000000000003
34,16869598957,7,62,62,0.94,0.94,0.0,0.94,0.06000000000000005
34,11351209069,7,88,88,0.739,0.739,0.0,0.739,0.261
34,13885117139,7,76,76,0.328,0.328,0.0,0.328,0.6719999999999999
34,11602037563,7,88,83,0.164,0.435,0.435,0.599,0.401
34,12447508729,7,115,115,0.712,0.712,0.0,0.712,0.28800000000000003
34,14314886249,7,121,121,0.434,0.434,0.0,0.434,0.5660000000000001
34,16714459057,7,90,90,0.821,0.821,0.0,0.821,0.17900000000000005
34,16297070389,7,131,123,0.134,0.125,0.125,0.259,0.741
34,10239371281,7,80,80,0.851,0.851,0.0,0.851,0.14900000000000002
34,16606465549,7,115,115,0.634,0.634,0.0,0.634,0.366
34,16393990003,7,87,87,0.962,0.962,0.0,0.962,0.038000000000000034
34,16306416809,7,90,90,0.221,0.221,0.0,0.221,0.779
34,16376681681,7,56,56,0.949,0.949,0.0,0.949,0.051000000000000045
35,27649018123,7,111,111,0.587,0.587,0.0,0.587,0.41300000000000003
35,32620861879,7,78,78,0.893,0.893,0.0,0.893,0.10699999999999998
35,21095890763,7,95,95,0.483,0.483,0.0,0.483,0.517
35,29071426207,7,89,89,0.758,0.758,0.0,0.758,0.242
35,26998479601,7,116,116,0.771,0.771,0.0,0.771,0.22899999999999998
35,27735947951,7,91,91,0.766,0.766,0.0,0.766,0.23399999999999999
35,32161329463,7,99,99,0.347,0.347,0.0,0.347,0.653
35,24686360177,7,118,99,0.18,0.28,0.39,0.5700000000000001,0.42999999999999994
35,31111864981,7,84,84,0.806,0.806,0.0,0.806,0.19399999999999995
35,28128420413,7,102,90,0.036,0.117,0.117,0.153,0.847
35,26186499221,7,104,104,0.412,0.412,0.0,0.412,0.5880000000000001
35,32737067239,7,119,119,0.592,0.592,0.0,0.592,0.40800000000000003
35,30901194803,7,103,103,0.677,0.677,0.0,0.677,0.32299999999999995
35,24639361129,7,130,130,0.398,0.398,0.0,0.398,0.602
35,24000446399,7,72,72,0.792,0.792,0.0,0.792,0.20799999999999996
35,31786204661,7,130,130,0.883,0.883,0.0,0.883,0.11699999999999999
35,19844118901,7,99,99,0.435,0.435,0.0,0.435,0.565
35,26333314817,7,103,103,0.297,0.297,0.0,0.297,0.7030000000000001
35,27344807473,7,92,92,0.853,0.853,0.0,0.853,0.14700000000000002
35,28380896233,7,93,93,0.613,0.613,0.0,0.613,0.387
35,33811890643,7,90,90,0.27,0.27,0.0,0.27,0.73
35,17505728381,7,91,91,0.447,0.447,0.0,0.447,0.5529999999999999
35,24206991293,7,102,102,0.751,0.751,0.0,0.751,0.249
35,33302388451,7,144,118,0.181,0.477,0.5489999999999999,0.73,0.27
35,25910815169,7,142,133,0.12,0.347,0.7409999999999999,0.8609999999999999,0.13900000000000012
35,24698856799,7,95,95,0.854,0.854,0.0,0.854,0.14600000000000002
35,25893892103,7,117,117,0.531,0.531,0.0,0.531,0.469
35,27118012109,7,91,91,0.767,0.767,0.0,0.767,0.23299999999999998
35,26811480497,7,116,103,0.319,0.547,0.547,0.8660000000000001,0.1339999999999999
35,33268150589,7,73,73,0.675,0.675,0.0,0.675,0.32499999999999996
35,23195421761,7,113,91,0.502,0.169,0.169,0.671,0.32899999999999996
35,27865054729,7,81,81,0.569,0.569,0.0,0.569,0.43100000000000005
35,30980153287,7,80,80,0.897,0.897,0.0,0.897,0.10299999999999998
35,30689470393,7,139,139,0.433,0.433,0.0,0.433,0.567
35,30448142203,7,102,102,0.278,0.278,0.0,0.278,0.722
36,44163374513,7,113,113,0.618,0.618,0.0,0.618,0.382
36,58421121223,7,110,110,0.194,0.194,0.0,0.194,0.806
36,42774973729,7,98,98,0.239,0.239,0.0,0.239,0.761
36,51932199497,7,112,112,0.431,0.431,0.0,0.431,0.569
36,65575355743,7,62,62,0.767,0.767,0.0,0.767,0.23299999999999998
36,54943823593,7,104,104,0.566,0.566,0.0,0.566,0.43400000000000005
36,37073806543,7,148,148,0.929,0.929,0.0,0.929,0.07099999999999995
36,49275809617,7,87,79,0.078,0.609,0.659,0.737,0.263
36,60727557487,7,160,160,0.655,0.655,0.0,0.655,0.345
36,64335882937,7,144,108,0.139,0.036,0.325,0.464,0.536
36,66042713791,7,113,111,0.191,0.358,0.529,0.72,0.28
36,66260950333,7,110,110,0.349,0.349,0.0,0.349,0.651
36,62597914609,7,96,96,0.152,0.152,0.0,0.152,0.848
36,45066388201,7,106,102,0.461,0.446,0.446,0.907,0.09299999999999997
36,60399795527,7,107,107,0.946,0.946,0.0,0.946,0.05400000000000005
36,48710054807,7,76,76,0.966,0.966,0.0,0.966,0.03400000000000003
36,67292344393,7,79,79,0.573,0.573,0.0,0.573,0.42700000000000005
36,60069148481,7,100,100,0.14,0.14,0.0,0.14,0.86
36,38647756793,7,75,75,0.842,0.842,0.0,0.842,0.15800000000000003
36,60311493667,7,68,68,0.791,0.791,0.0,0.791,0.20899999999999996
36,52888176701,7,90,90,0.345,0.345,0.0,0.345,0.655
36,44803320421,7,139,124,0.166,0.385,0.385,0.551,0.44899999999999995
36,59815200083,7,99,99,0.969,0.969,0.0,0.969,0.031000000000000028
36,47607861317,7,129,129,0.198,0.198,0.0,0.198,0.802
36,39291428087,7,77,77,0.925,0.925,0.0,0.925,0.07499999999999996
36,45626302871,7,95,95,0.344,0.344,0.0,0.344,0.656
36,50271476503,7,170,170,0.507,0.507,0.0,0.507,0.493
36,60731775019,7,76,76,0.188,0.188,0.0,0.188,0.812
36,58830335359,7,142,142,0.057,0.057,0.0,0.057,0.943
36,57991087039,7,91,91,0.799,0.799,0.0,0.799,0.20099999999999996
36,53105131553,7,130,130,0.42,0.42,0.0,0.42,0.5800000000000001
36,62457568471,7,122,122,0.6,0.6,0.0,0.6,0.4
36,63489440471,7,82,82,0.689,0.689,0.0,0.689,0.31100000000000005
36,59528007949,7,87,87,0.652,0.652,0.0,0.652,0.348
36,61690470067,7,96,96,0.732,0.732,0.0,0.732,0.268
37,118543036291,7,102,102,0.624,0.624,0.0,0.624,0.376
37,111328227119,7,78,78,0.363,0.363,0.0,0.363,0.637
37,86942694199,7,76,76,0.806,0.806,0.0,0.806,0.19399999999999995
37,135570533167,7,99,99,0.799,0.799,0.0,0.799,0.20099999999999996
37,121263339089,7,148,143,0.268,0.512,0.512,0.78,0.21999999999999997
37,117926064041,7,99,99,0.367,0.367,0.0,0.367,0.633
37,123226036933,7,103,99,0.199,0.612,0.612,0.8109999999999999,0.18900000000000006
37,80815304047,7,105,105,0.781,0.781,0.0,0.781,0.21899999999999997
37,119860815323,7,92,92,0.891,0.891,0.0,0.891,0.10899999999999999
37,134853729949,7,115,115,0.96,0.96,0.0,0.96,0.040000000000000036
37,109697814143,7,123,123,0.788,0.788,0.0,0.788,0.21199999999999997
37,133234665517,7,122,122,0.669,0.669,0.0,0.669,0.33099999999999996
37,136297509487,7,127,127,0.756,0.756,0.0,0.756,0.244
37,116500327051,7,115,98,0.038,0.703,0.703,0.741,0.259
37,122876130943,7,91,91,0.394,0.394,0.0,0.394,0.606
37,114093208793,7,122,120,0.262,0.551,0.551,0.8130000000000001,0.18699999999999994
37,96987853211,7,90,90,0.831,0.831,0.0,0.831,0.16900000000000004
37,127185672283,7,81,81,0.519,0.519,0.0,0.519,0.481
37,118505746147,7,102,102,0.835,0.835,0.0,0.835,0.16500000000000004
37,102361907267,7,110,110,0.578,0.578,0.0,0.578,0.42200000000000004
37,124698360043,7,140,127,0.059,0.669,0.7560000000000001,0.8150000000000002,0.18499999999999983
37,117129223171,7,93,93,0.063,0.063,0.0,0.063,0.937
37,128172354763,7,80,80,0.935,0.935,0.0,0.935,0.06499999999999995
37,108778673657,7,105,105,0.533,0.533,0.0,0.533,0.46699999999999997
37,90375885949,7,116,116,0.574,0.574,0.0,0.574,0.42600000000000005
37,106233822601,7,70,70,0.781,0.781,0.0,0.781,0.21899999999999997
37,132311583947,7,72,72,0.574,0.574,0.0,0.574,0.42600000000000005
37,96303834521,7,98,98,0.66,0.66,0.0,0.66,0.33999999999999997
37,125245409441,7,124,124,0.546,0.546,0.0,0.546,0.45399999999999996
37,122529668467,7,99,99,0.664,0.664,0.0,0.664,0.33599999999999997
37,75080942491,7,97,97,0.769,0.769,0.0,0.769,0.23099999999999998
37,77173293031,7,102,102,0.534,0.534,0.0,0.534,0.46599999999999997
37,129454137763,7,117,117,0.237,0.237,0.0,0.237,0.763
37,131961593279,7,80,80,0.024,0.024,0.0,0.024,0.976
37,115804596767,7,130,130,0.363,0.363,0.0,0.363,0.637
38,220056368747,7,75,75,0.717,0.717,0.0,0.717,0.28300000000000003
38,240494139559,7,98,98,0.568,0.568,0.0,0.568,0.43200000000000005
38,259880310383,7,147,147,0.379,0.379,0.0,0.379,0.621
38,233573701579,7,130,130,0.425,0.425,0.0,0.425,0.575
38,251286612469,7,118,116,0.454,0.51,0.51,0.964,0.03600000000000003
38,254652937541,7,106,106,0.628,0.628,0.0,0.628,0.372
38,262712119727,7,126,126,0.653,0.653,0.0,0.653,0.347
38,268472382439,7,94,94,0.805,0.805,0.0,0.805,0.19499999999999995
38,250960033111,7,130,124,0.187,0.054,0.5880000000000001,0.7750000000000001,0.22499999999999987
38,172643404127,7,110,110,0.495,0.495,0.0,0.495,0.505
38,236058442493,7,121,121,0.528,0.528,0.0,0.528,0.472
38,222884650189,7,100,100,0.715,0.715,0.0,0.715,0.28500000000000003
38,223807140833,7,104,104,0.563,0.563,0.0,0.563,0.43700000000000006
38,238970262077,7,122,94,0.166,0.519,0.5820000000000001,0.7480000000000001,0.2519999999999999
38,226984406917,7,155,155,0.927,0.927,0.0,0.927,0.07299999999999995
38,249303792707,7,143,136,0.202,0.439,0.439,0.641,0.359
38,262400134517,7,92,92,0.757,0.757,0.0,0.757,0.243
38,263911517027,7,75,75,0.532,0.532,0.0,0.532,0.46799999999999997
38,211016443613,7,126,126,0.352,0.352,0.0,0.352,0.648
38,227583393181,7,107,107,0.5,0.5,0.0,0.5,0.5
38,222052410967,7,99,99,0.94,0.94,0.0,0.94,0.06000000000000005
38,261336645919,7,90,90,0.599,0.599,0.0,0.599,0.401
38,193023790213,7,111,111,0.71,0.71,0.0,0.71,0.29000000000000004
38,250639758637,7,95,95,0.678,0.678,0.0,0.678,0.32199999999999995
38,156072300941,7,102,102,0.676,0.676,0.0,0.676,0.32399999999999995
38,274173351073,7,128,128,0.343,0.343,0.0,0.343,0.657
38,221081511767,7,77,77,0.923,0.923,0.0,0.923,0.07699999999999996
38,256272271741,7,147,147,0.519,0.519,0.0,0.519,0.481
38,194457514739,7,110,110,0.706,0.706,0.0,0.706,0.29400000000000004
38,229887839663,7,93,93,0.59,0.59,0.0,0.59,0.41000000000000003
38,235309385533,7,146,146,0.393,0.393,0.0,0.393,0.607
38,250306247531,7,173,166,0.236,0.366,0.366,0.602,0.398
38,191833559347,7,111,111,0.826,0.826,0.0,0.826,0.17400000000000004
38,257051990081,7,139,133,0.598,0.351,0.351,0.949,0.051000000000000045
38,191620850957,7,95,95,0.577,0.577,0.0,0.577,0.42300000000000004
39,511809812897,7,150,144,0.385,0.46,0.46,0.845,0.15500000000000003
39,362740789391,7,109,109,0.614,0.614,0.0,0.614,0.386
39,473655661091,7,120,120,0.518,0.518,0.0,0.518,0.482
39,540353905561,7,128,127,0.475,0.166,0.166,0.641,0.359
39,438562685707,7,82,82,0.956,0.956,0.0,0.956,0.04400000000000004
39,506384839913,7,107,107,0.447,0.447,0.0,0.447,0.5529999999999999
39,530201427647,7,117,116,0.288,0.155,0.155,0.44299999999999995,0.557
39,472282352089,7,119,115,0.528,0.279,0.279,0.807,0.19299999999999995
39,305055707861,7,124,124,0.3,0.3,0.0,0.3,0.7
39,456729944857,7,81,81,0.707,0.707,0.0,0.707,0.29300000000000004
39,403606639477,7,109,109,0.475,0.475,0.0,0.475,0.525
39,435872820263,7,68,68,0.876,0.876,0.0,0.876,0.124
39,541920416441,7,146,140,0.134,0.264,0.751,0.885,0.11499999999999999
39,389859493313,7,154,119,0.0,0.613,0.891,0.891,0.10899999999999999
39,483310784123,7,94,94,0.723,0.723,0.0,0.723,0.277
39,400012372603,7,92,92,0.385,0.385,0.0,0.385,0.615
39,410486489029,7,83,83,0.87,0.87,0.0,0.87,0.13
39,327722307071,7,132,124,0.365,0.264,0.264,0.629,0.371
39,439489218569,7,136,115,0.116,0.307,0.748,0.864,0.136
39,370497250271,7,98,98,0.459,0.459,0.0,0.459,0.5409999999999999
39,480768653947,7,123,120,0.29,0.354,0.354,0.6439999999999999,0.3560000000000001
39,418659897731,7,107,107,0.668,0.668,0.0,0.668,0.33199999999999996
39,342678905143,7,109,109,0.697,0.697,0.0,0.697,0.30300000000000005
39,458046577711,7,120,119,0.583,0.116,0.116,0.699,0.30100000000000005
39,424113898723,7,95,95,0.824,0.824,0.0,0.824,0.17600000000000005
39,515701288163,7,123,123,0.432,0.432,0.0,0.432,0.5680000000000001
39,482181268069,7,106,106,0.579,0.579,0.0,0.579,0.42100000000000004
39,437255539481,7,120,120,0.738,0.738,0.0,0.738,0.262
39,488029380791,7,101,101,0.401,0.401,0.0,0.401,0.599
39,505986979591,7,142,142,0.653,0.653,0.0,0.653,0.347
39,411676252051,7,123,123,0.58,0.58,0.0,0.58,0.42000000000000004
39,466390916987,7,74,74,0.938,0.938,0.0,0.938,0.062000000000000055
39,507440654449,7,98,98,0.542,0.542,0.0,0.542,0.45799999999999996
39,466254803207,7,118,118,0.41,0.41,0.0,0.41,0.5900000000000001
39,526202962799,7,114,114,0.817,0.817,0.0,0.817,0.18300000000000005
40,611202441253,7,139,133,0.219,0.268,0.268,0.487,0.513
40,898682026157,7,157,156,0.151,0.526,0.526,0.677,0.32299999999999995
40,929711585401,7,141,141,0.519,0.519,0.0,0.519,0.481
40,901910250487,7,150,118,0.405,0.252,0.281,0.686,0.31399999999999995
40,836692967657,7,113,113,0.848,0.848,0.0,0.848,0.15200000000000002
40,968924819113,7,169,169,0.757,0.757,0.0,0.757,0.243
40,967033466941,7,81,81,0.802,0.802,0.0,0.802,0.19799999999999995
40,924523759457,7,115,115,0.879,0.879,0.0,0.879,0.121
40,882012818639,7,121,115,0.108,0.663,0.663,0.771,0.22899999999999998
40,1035631096061,8,106,106,0.3258,0.3258,0.0,0.3258,0.6742
40,857577064511,7,126,126,0.801,0.801,0.0,0.801,0.19899999999999995
40,892241552483,7,104,104,0.626,0.626,0.0,0.626,0.374
40,1027295559737,8,79,79,0.5602,0.5602,0.0,0.5602,0.43979999999999997
40,1008271484981,7,119,119,0.668,0.668,0.0,0.668,0.33199999999999996
40,659452038677,7,105,105,0.573,0.573,0.0,0.573,0.42700000000000005
40,664348631897,7,106,106,0.352,0.352,0.0,0.352,0.648
40,764217269443,7,110,110,0.576,0.576,0.0,0.576,0.42400000000000004
40,865209861547,7,135,128,0.351,0.176,0.176,0.5269999999999999,0.4730000000000001
40,1097060095049,8,110,110,0.694,0.694,0.0,0.694,0.30600000000000005
40,973682344207,7,108,94,0.018,0.812,0.812,0.8300000000000001,0.16999999999999993
40,714056644019,7,63,63,0.841,0.841,0.0,0.841,0.15900000000000003
40,678084277159,7,113,113,0.477,0.477,0.0,0.477,0.523
40,973527151559,7,102,102,0.909,0.909,0.0,0.909,0.09099999999999997
40,847752925099,7,107,103,0.31,0.305,0.305,0.615,0.385
40,729591717961,7,154,134,0.127,0.509,0.509,0.636,0.364
40,582774308423,7,93,93,0.723,0.723,0.0,0.723,0.277
40,717080454823,7,101,101,0.152,0.152,0.0,0.152,0.848
40,883348523543,7,121,115,0.36,0.415,0.415,0.7749999999999999,0.2250000000000001
40,1047477795211,8,90,90,0.8575,0.8575,0.0,0.8575,0.14249999999999996
40,631007659463,7,115,115,0.658,0.658,0.0,0.658,0.34199999999999997
40,1052743581433,8,122,118,0.1244,0.3165,0.3165,0.4409,0.5590999999999999
40,852219443431,7,149,131,0.529,0.24,0.24,0.769,0.23099999999999998
40,1062456284647,8,120,120,0.7084,0.7084,0.0,0.7084,0.29159999999999997
40,998771071231,7,91,91,0.064,0.064,0.0,0.064,0.9359999999999999
40,854027359147,7,109,109,0.79,0.79,0.0,0.79,0.20999999999999996
41,1614646429933,8,142,142,0.5251,0.5251,0.0,0.5251,0.4749
41,1932830739577,8,110,110,0.5956999999999999,0.5956999999999999,0.0,0.5956999999999999,0.4043000000000001
41,1461343536647,8,122,122,0.8149,0.8149,0.0,0.8149,0.18510000000000004
41,1742984042927,8,114,101,0.148,0.6812,0.7386,0.8866,0.11339999999999995
41,1668276373397,8,110,103,0.2371,0.6887,0.6887,0.9258,0.07420000000000004
41,2062012904507,8,100,100,0.4241,0.4241,0.0,0.4241,0.5759000000000001
41,2196667206907,8,98,97,0.4916,0.4712,0.4712,0.9628,0.03720000000000001
41,1887845205511,8,119,119,0.2025,0.2025,0.0,0.2025,0.7975
41,1817077244887,8,134,121,0.2306,0.1892,0.5046,0.7352000000000001,0.2647999999999999
41,2024984701463,8,145,145,0.4915,0.4915,0.0,0.4915,0.5085
41,1396450128527,8,98,98,0.7607,0.7607,0.0,0.7607,0.23929999999999996
41,2152584941317,8,65,65,0.8187,0.8187,0.0,0.8187,0.18130000000000002
41,1234621250879,8,151,150,0.3723,0.446,0.446,0.8183,0.18169999999999997
41,1450026080729,8,127,127,0.5331,0.5331,0.0,0.5331,0.4669
41,2081621808821,8,99,99,0.9137,0.9137,0.0,0.9137,0.08630000000000004
41,1996224409297,8,139,139,0.6203,0.6203,0.0,0.6203,0.37970000000000004
41,1837772561147,8,70,70,0.8499,0.8499,0.0,0.8499,0.1501
41,2071555931759,8,148,148,0.1838,0.1838,0.0,0.1838,0.8162
41,1575997049153,8,97,97,0.4364,0.4364,0.0,0.4364,0.5636
41,1812017918099,8,62,62,0.6074,0.6074,0.0,0.6074,0.39259999999999995
41,1874226711271,8,104,75,0.2973,0.3452,0.5285000000000001,0.8258000000000001,0.1741999999999999
41,1846023824947,8,106,100,0.3656,0.3655,0.3655,0.7311,0.26890000000000003
41,2056852071889,8,106,106,0.3677,0.3677,0.0,0.3677,0.6323
41,1677111324599,8,96,96,0.7394,0.7394,0.0,0.7394,0.26060000000000005
41,1923845191397,8,81,77,0.3738,0.4767,0.4767,0.8505,0.14949999999999997
41,1797354723487,8,111,103,0.3507,0.1953,0.5216000000000001,0.8723000000000001,0.12769999999999992
41,1731045482623,8,94,94,0.8041,0.8041,0.0,0.8041,0.19589999999999996
41,1993276845779,8,115,115,0.8205,0.8205,0.0,0.8205,0.1795
41,2168346593069,8,167,160,0.41159999999999997,0.3581,0.3581,0.7696999999999999,0.23030000000000006
41,1907461320913,8,127,109,0.0484,0.3772,0.4815,0.5299,0.47009999999999996
41,2140219254683,8,86,84,0.1834,0.4014,0.4014,0.5848,0.4152
41,1954052765039,8,72,72,0.6472,0.6472,0.0,0.6472,0.3528
41,2046031043699,8,63,63,0.5071,0.5071,0.0,0.5071,0.4929
41,2126534235733,8,126,116,0.3553,0.2249,0.2249,0.5802,0.41979999999999995
41,1986501360589,8,85,85,0.5568,0.5568,0.0,0.5568,0.44320000000000004
42,3683876486891,8,97,97,0.5577,0.5577,0.0,0.5577,0.4423
42,4015751750849,8,130,127,0.4173,0.2125,0.3513,0.7686,0.23140000000000005
42,3331697085499,8,110,110,0.7514,0.7514,0.0,0.7514,0.24860000000000004
42,3313821568919,8,119,118,0.2335,0.1385,0.1385,0.372,0.628
42,3643155115879,8,100,96,0.3315,0.1843,0.1843,0.5158,0.48419999999999996
42,3231824961107,8,107,107,0.8974,0.8974,0.0,0.8974,0.10260000000000002
42,2316245960143,8,133,108,0.1362,0.2591,0.7567,0.8929,0.10709999999999997
42,2793867745399,8,125,115,0.1501,0.2934,0.6133,0.7634,0.23660000000000003
42,4364612419829,8,123,123,0.4281,0.4281,0.0,0.4281,0.5719000000000001
42,2887979842063,8,170,170,0.8301,0.8301,0.0,0.8301,0.16990000000000005
42,3069538633669,8,134,123,0.0374,0.4868,0.4868,0.5242,0.4758
42,3761747924827,8,159,159,0.2794,0.2794,0.0,0.2794,0.7206
42,4125122952781,8,114,114,0.2373,0.2373,0.0,0.2373,0.7626999999999999
42,3802982293867,8,115,115,0.4506,0.4506,0.0,0.4506,0.5494
42,3496598914667,8,110,107,0.2536,0.3909,0.3909,0.6445000000000001,0.3554999999999999
42,4176666392329,8,110,110,0.5822,0.5822,0.0,0.5822,0.41779999999999995
42,3676689441149,8,164,164,0.6396,0.6396,0.0,0.6396,0.36040000000000005
42,4150245521407,8,138,97,0.0604,0.5202,0.7680999999999999,0.8284999999999999,0.1715000000000001
42,3871559259053,8,107,107,0.8451,0.8451,0.0,0.8451,0.15490000000000004
42,3393394639997,8,130,129,0.2098,0.3617,0.3617,0.5715,0.4285
42,3994137285317,8,102,102,0.6545,0.6545,0.0,0.6545,0.34550000000000003
42,2425006642297,8,91,91,0.6047,0.6047,0.0,0.6047,0.3953
42,4216016718521,8,72,72,0.7185,0.7185,0.0,0.7185,0.2815
42,4072455735823,8,126,126,0.78,0.78,0.0,0.78,0.21999999999999997
42,3827655590413,8,112,112,0.5461,0.5461,0.0,0.5461,0.45389999999999997
42,4115464728203,8,80,80,0.8386,0.8386,0.0,0.8386,0.1614
42,3935883627617,8,149,130,0.088,0.6833,0.8239000000000001,0.9119,0.08809999999999996
42,2844424992511,8,94,88,0.253,0.3373,0.3373,0.5903,0.40969999999999995
42,3142672074013,8,121,94,0.113,0.3706,0.532,0.645,0.355
42,4319414813869,8,103,99,0.4744,0.206,0.206,0.6804,0.3196
42,3948257051521,8,108,95,0.1525,0.5738,0.5738,0.7263,0.27370000000000005
42,3508627324633,8,106,105,0.421,0.532,0.532,0.9530000000000001,0.04699999999999993
42,4240398117773,8,119,114,0.3901,0.3371,0.4295,0.8196,0.1804
42,4101727977877,8,107,107,0.5572,0.5572,0.0,0.5572,0.44279999999999997
42,4256376667243,8,78,78,0.5678,0.5678,0.0,0.5678,0.43220000000000003
43,6042798207079,8,154,138,0.1686,0.2861,0.4527,0.6213,0.37870000000000004
43,8414808757007,8,138,138,0.5277,0.5277,0.0,0.5277,0.47230000000000005
43,8221703727529,8,63,63,0.6804,0.6804,0.0,0.6804,0.3196
43,5617390366391,8,139,119,0.1268,0.4203,0.6538999999999999,0.7807,0.21930000000000005
43,8610910901921,8,119,119,0.6768,0.6768,0.0,0.6768,0.32320000000000004
43,7986958542247,8,124,124,0.4754,0.4754,0.0,0.4754,0.5246
43,6054106228829,8,105,105,0.3039,0.3039,0.0,0.3039,0.6960999999999999
43,7902985213813,8,119,119,0.7958000000000001,0.7958000000000001,0.0,0.7958000000000001,0.20419999999999994
43,7268449847339,8,122,116,0.3149,0.3038,0.3038,0.6187,0.3813
43,6710740521677,8,141,119,0.0687,0.2516,0.4315,0.5002,0.4998
43,5708437244827,8,139,120,0.1063,0.2394,0.2394,0.3457,0.6543
43,8234328710537,8,178,154,0.0296,0.5028,0.882,0.9116,0.08840000000000003
43,8416627085297,8,126,126,0.5857,0.5857,0.0,0.5857,0.4143
43,5647942521821,8,142,108,0.0016,0.389,0.9115,0.9131,0.08689999999999998
43,6815581796489,8,107,107,0.2329,0.2329,0.0,0.2329,0.7671
43,6828416607149,8,118,118,0.77,0.77,0.0,0.77,0.22999999999999998
43,8395129775017,8,122,122,0.2081,0.2081,0.0,0.2081,0.7919
43,6950137394119,8,127,127,0.574,0.574,0.0,0.574,0.42600000000000005
43,7069121166517,8,143,143,0.3199,0.3199,0.0,0.3199,0.6800999999999999
43,8628547144549,8,114,92,0.226,0.4051,0.4051,0.6311,0.3689
43,7530003274639,8,107,93,0.1008,0.6748,0.8254,0.9262,0.07379999999999998
43,8295436084939,8,87,87,0.5747,0.5747,0.0,0.5747,0.4253
43,7962684972469,8,97,97,0.8291,0.8291,0.0,0.8291,0.17090000000000005
43,7762082556763,8,72,72,0.7256,0.7256,0.0,0.7256,0.2744
43,7092160530641,8,106,95,0.0956,0.6813,0.6813,0.7769,0.22309999999999997
43,5892667165691,8,114,111,0.3203,0.2951,0.2951,0.6154,0.38460000000000005
43,5021328795239,8,109,109,0.6914,0.6914,0.0,0.6914,0.3086
43,8355297295841,8,116,116,0.7831,0.7831,0.0,0.7831,0.21689999999999998
43,5216115265117,8,118,118,0.6467,0.6467,0.0,0.6467,0.35329999999999995
43,8079740745899,8,94,92,0.523,0.1453,0.1453,0.6683,0.3317
43,8258336465653,8,147,141,0.0529,0.5745,0.5745,0.6274,0.37260000000000004
43,7029008775133,8,109,109,0.7474,0.7474,0.0,0.7474,0.25260000000000005
43,7883882226587,8,138,136,0.0998,0.1032,0.1032,0.203,0.7969999999999999
43,6056629825837,8,98,76,0.0181,0.6212,0.6212,0.6393,0.3607
43,7029661893757,8,98,98,0.6573,0.6573,0.0,0.6573,0.3427
44,11192118878173,8,58,58,0.4689,0.4689,0.0,0.4689,0.5311
44,10297425902843,8,132,132,0.4506,0.4506,0.0,0.4506,0.5494
44,15905907789593,8,103,103,0.5251,0.5251,0.0,0.5251,0.4749
44,13913247281147,8,111,108,0.4711,0.2124,0.2124,0.6835,0.3165
44,14721649463161,8,84,84,0.1835,0.1835,0.0,0.1835,0.8165
44,9886365433003,8,144,144,0.4993,0.4993,0.0,0.4993,0.5006999999999999
44,15101467258277,8,169,153,0.1516,0.3343,0.6172,0.7687999999999999,0.23120000000000007
44,14320164668041,8,110,110,0.905,0.905,0.0,0.905,0.09499999999999997
44,16643833399663,8,102,102,0.4674,0.4674,0.0,0.4674,0.5326
44,17157789486559,8,109,109,0.7621,0.7621,0.0,0.7621,0.2379
44,16335379419011,8,139,127,0.0611,0.1718,0.2677,0.3288,0.6712
44,10249398154517,8,117,112,0.2508,0.2144,0.2144,0.46520000000000006,0.5347999999999999
44,15783264750581,8,125,118,0.2977,0.2283,0.4083,0.706,0.29400000000000004
44,14572939693217,8,162,146,0.0621,0.3302,0.6577999999999999,0.7199,0.2801
44,11863517355791,8,136,136,0.622,0.622,0.0,0.622,0.378
44,14825293777969,8,127,127,0.1215,0.1215,0.0,0.1215,0.8785000000000001
44,16530855727079,8,126,119,0.3908,0.3337,0.3337,0.7244999999999999,0.2755000000000001
44,13956378510149,8,161,161,0.0454,0.0454,0.0,0.0454,0.9546
44,17515855908107,8,98,98,0.5318,0.5318,0.0,0.5318,0.46819999999999995
44,15109813665319,8,137,137,0.541,0.541,0.0,0.541,0.45899999999999996
44,14956969829609,8,106,102,0.0936,0.4116,0.4116,0.5052,0.4948
44,17074875027241,8,102,102,0.4679,0.4679,0.0,0.4679,0.5321
44,16838693078191,8,101,101,0.6724,0.6724,0.0,0.6724,0.3276
44,13442158734733,8,103,103,0.2352,0.2352,0.0,0.2352,0.7648
44,17038695239633,8,133,133,0.608,0.608,0.0,0.608,0.392
44,9525653792639,8,94,91,0.4999,0.1384,0.1384,0.6383,0.3617
44,16917991762907,8,100,100,0.5855,0.5855,0.0,0.5855,0.4145
44,17145114509239,8,93,93,0.6396,0.6396,0.0,0.6396,0.36040000000000005
44,13557606755383,8,70,70,0.8565,0.8565,0.0,0.8565,0.14349999999999996
44,13400116877687,8,119,109,0.1076,0.1729,0.1729,0.28049999999999997,0.7195
44,15457768836031,8,118,118,0.7319,0.7319,0.0,0.7319,0.2681
44,16715092566517,8,182,158,0.144,0.5601,0.5601,0.7041000000000001,0.29589999999999994
44,16499671540463,8,127,127,0.3929,0.3929,0.0,0.3929,0.6071
44,15879991250041,8,110,110,0.8439,0.8439,0.0,0.8439,0.15610000000000002
44,15232029135581,8,97,97,0.399,0.399,0.0,0.399,0.601
45,33186015027871,8,186,186,0.7422,0.7422,0.0,0.7422,0.25780000000000003
45,23164412884687,8,122,122,0.4191,0.4191,0.0,0.4191,0.5809
45,27297571604323,8,99,99,0.4165,0.4165,0.0,0.4165,0.5835
45,22126527040897,8,88,88,0.6955,0.6955,0.0,0.6955,0.3045
45,22723387502399,8,154,154,0.3515,0.3515,0.0,0.3515,0.6485000000000001
45,33724207312181,8,145,138,0.0669,0.6066,0.7908000000000001,0.8577,0.14229999999999998
45,29696638521997,8,125,117,0.4248,0.3884,0.3884,0.8132,0.18679999999999997
45,21224576144243,8,114,98,0.2536,0.4336,0.4336,0.6872,0.31279999999999997
45,28151700054679,8,125,123,0.2668,0.2262,0.2262,0.493,0.507
45,28490225130463,8,163,163,0.4479,0.4479,0.0,0.4479,0.5521
45,33331274597389,8,110,110,0.4545,0.4545,0.0,0.4545,0.5455
45,20069454780953,8,91,91,0.7053,0.7053,0.0,0.7053,0.29469999999999996
45,33771020020883,8,87,87,0.8469,0.8469,0.0,0.8469,0.1531
45,23270368159681,8,154,154,0.2016,0.2016,0.0,0.2016,0.7984
45,24867665741879,8,126,126,0.4014,0.4014,0.0,0.4014,0.5986
45,21582576001439,8,114,110,0.5415,0.2299,0.2299,0.7714,0.22860000000000003
45,33290633803753,8,126,126,0.7455,0.7455,0.0,0.7455,0.25449999999999995
45,34684056829907,8,121,121,0.5196,0.5196,0.0,0.5196,0.48040000000000005
45,34012225582493,8,124,124,0.3846,0.3846,0.0,0.3846,0.6154
45,34407011415467,8,118,118,0.736,0.736,0.0,0.736,0.264
45,23209247140769,8,114,114,0.6656,0.6656,0.0,0.6656,0.33440000000000003
45,34648044311737,8,173,173,0.137,0.137,0.0,0.137,0.863
45,34763702140499,8,107,107,0.7635,0.7635,0.0,0.7635,0.23650000000000004
45,31241445309251,8,132,127,0.2565,0.1147,0.3275,0.5840000000000001,0.4159999999999999
45,28561691672477,8,115,115,0.5158,0.5158,0.0,0.5158,0.48419999999999996
45,27992887345999,8,103,103,0.9041,0.9041,0.0,0.9041,0.09589999999999999
45,24711528478843,8,82,82,0.7364,0.7364,0.0,0.7364,0.26359999999999995
45,24275902955587,8,114,106,0.227,0.6179,0.6179,0.8449,0.15510000000000002
45,30028797221557,8,154,154,0.725,0.725,0.0,0.725,0.275
45,29639092908059,8,127,119,0.0479,0.3116,0.3116,0.3595,0.6405000000000001
45,29223469150331,8,90,90,0.9222,0.9222,0.0,0.9222,0.07779999999999998
45,29751165225053,8,141,118,0.0995,0.5926,0.607,0.7065,0.2935
45,28032333087887,8,105,104,0.3357,0.4992,0.4992,0.8349,0.16510000000000002
45,28039231398223,8,138,108,0.0194,0.4284,0.8095,0.8289,0.17110000000000003
45,33304179554839,8,135,111,0.2867,0.4408,0.4408,0.7275,0.27249999999999996
46,56430403301383,8,107,107,0.8966,0.8966,0.0,0.8966,0.10340000000000005
46,68006941681849,8,186,186,0.8272,0.8272,0.0,0.8272,0.17279999999999995
46,61552921791701,8,148,130,0.1296,0.3444,0.5843,0.7139,0.2861
46,63393878836139,8,158,158,0.7125,0.7125,0.0,0.7125,0.2875
46,67825168429001,8,107,107,0.1664,0.1664,0.0,0.1664,0.8336
46,64685307066287,8,102,102,0.7144,0.7144,0.0,0.7144,0.28559999999999997
46,52489096645033,8,135,134,0.1623,0.3638,0.3638,0.5261,0.4739
46,58189524745277,8,107,107,0.7228,0.7228,0.0,0.7228,0.2772
46,54261098832623,8,109,109,0.4174,0.4174,0.0,0.4174,0.5826
46,60157764534691,8,120,120,0.4251,0.4251,0.0,0.4251,0.5749
46,49151287216459,8,143,138,0.2601,0.3967,0.3967,0.6568,0.34319999999999995
46,50020927455419,8,110,110,0.4229,0.4229,0.0,0.4229,0.5771
46,61793480365751,8,212,194,0.2327,0.3022,0.4304,0.6631,0.3369
46,50849498915599,8,180,162,0.1526,0.5194,0.5194,0.6719999999999999,0.32800000000000007
46,58576685663087,8,151,151,0.2417,0.2417,0.0,0.2417,0.7583
46,66576175443403,8,182,164,0.2592,0.582,0.582,0.8412,0.15880000000000005
46,67333115424583,8,115,115,0.5599,0.5599,0.0,0.5599,0.44010000000000005
46,37204999371227,8,163,115,0.0153,0.3326,0.869,0.8843,0.11570000000000003
46,60698158746767,8,124,124,0.8922,0.8922,0.0,0.8922,0.1078
46,48504653276561,8,170,170,0.4325,0.4325,0.0,0.4325,0.5675
46,58983982875319,8,107,107,0.6734,0.6734,0.0,0.6734,0.3266
46,62745707486393,8,114,114,0.5121,0.5121,0.0,0.5121,0.4879
46,52015726634527,8,143,143,0.3042,0.3042,0.0,0.3042,0.6958
46,43960516631131,8,113,113,0.9168,0.9168,0.0,0.9168,0.08320000000000005
46,42331535552393,8,116,116,0.8443,0.8443,0.0,0.8443,0.15569999999999995
46,43576392529003,8,213,213,0.3168,0.3168,0.0,0.3168,0.6832
46,52326694323941,8,103,103,0.6985,0.6985,0.0,0.6985,0.3015
46,43916962523801,8,111,111,0.6546,0.6546,0.0,0.6546,0.34540000000000004
46,70090488538009,8,106,106,0.7083,0.7083,0.0,0.7083,0.29169999999999996
46,38227566689633,8,128,128,0.8953,0.8953,0.0,0.8953,0.10470000000000002
46,51674917592423,8,119,119,0.382,0.382,0.0,0.382,0.618
46,70066222621951,8,125,125,0.4764,0.4764,0.0,0.4764,0.5236000000000001
46,53481527217871,8,127,127,0.4025,0.4025,0.0,0.4025,0.5974999999999999
46,66892184972881,8,91,91,0.1516,0.1516,0.0,0.1516,0.8484
46,43746424253659,8,136,128,0.5533,0.1933,0.1933,0.7466,0.25339999999999996
47,134712750460643,8,151,135,0.0359,0.2476,0.6453,0.6812,0.3188
47,118946252244539,8,99,99,0.6774,0.6774,0.0,0.6774,0.3226
47,138091523697851,8,115,115,0.1494,0.1494,0.0,0.1494,0.8506
47,121059218908081,8,159,159,0.061,0.061,0.0,0.061,0.9390000000000001
47,111433010008213,8,146,134,0.4237,0.3674,0.3674,0.7911,0.20889999999999997
47,138212345109281,8,147,129,0.3366,0.2545,0.2545,0.5911,0.40890000000000004
47,118360767254887,8,115,115,0.5913,0.5913,0.0,0.5913,0.40869999999999995
47,88890582151253,8,97,97,0.6871,0.6871,0.0,0.6871,0.31289999999999996
47,122342697053971,8,135,135,0.7729,0.7729,0.0,0.7729,0.22709999999999997
47,101123693931763,8,132,132,0.2584,0.2584,0.0,0.2584,0.7416
47,105920013858691,8,126,123,0.4369,0.3787,0.3787,0.8156,0.1844
47,108388708087801,8,114,114,0.667,0.667,0.0,0.667,0.33299999999999996
47,135949579813843,8,101,101,0.0634,0.0634,0.0,0.0634,0.9366
47,99484520484329,8,118,118,0.4619,0.4619,0.0,0.4619,0.5381
47,97149216743893,8,109,109,0.7307,0.7307,0.0,0.7307,0.2693
47,123163041733153,8,180,167,0.061,0.7877,0.7877,0.8487,0.1513
47,118628275815323,8,125,125,0.4104,0.4104,0.0,0.4104,0.5896
47,139107531938689,8,208,205,0.4368,0.1428,0.1428,0.5796,0.4204
47,122565456890711,8,126,126,0.3953,0.3953,0.0,0.3953,0.6047
47,87440269263829,8,142,142,0.5599,0.5599,0.0,0.5599,0.44010000000000005
47,136962341934529,8,135,122,0.2051,0.4493,0.4493,0.6544,0.3456
47,134112791038799,8,88,88,0.7887,0.7887,0.0,0.7887,0.21130000000000004
47,113915674461187,8,82,82,0.8477,0.8477,0.0,0.8477,0.1523
47,129741274821401,8,122,122,0.7516,0.7516,0.0,0.7516,0.24839999999999995
47,135334462984241,8,212,204,0.1379,0.3297,0.4453,0.5831999999999999,0.41680000000000006
47,123670705314511,8,158,158,0.5263,0.5263,0.0,0.5263,0.4737
47,113262710912609,8,158,146,0.0371,0.6026,0.6026,0.6397,0.36029999999999995
47,113019482814377,8,138,138,0.7405,0.7405,0.0,0.7405,0.25949999999999995
47,126796340724421,8,142,142,0.3483,0.3483,0.0,0.3483,0.6517
47,123516540146849,8,209,197,0.4279,0.2046,0.2046,0.6325000000000001,0.36749999999999994
47,121279457805251,8,205,193,0.2463,0.1805,0.6704,0.9167,0.08330000000000004
47,104469840373013,8,107,107,0.3389,0.3389,0.0,0.3389,0.6611
47,121162521389269,8,145,136,0.2627,0.2553,0.2553,0.518,0.482
47,107158646783621,8,135,129,0.1894,0.5653,0.5653,0.7547,0.24529999999999996
47,124601878935727,8,143,130,0.1456,0.3331,0.6588,0.8044,0.1956
48,179255621533039,9,106,98,0.2956,0.3466,0.3466,0.6422,0.3578
48,197325519628147,9,129,129,0.3227,0.3227,0.0,0.3227,0.6773
48,205984364827181,9,130,106,0.0223,0.1367,0.8505,0.8728,0.12719999999999998
48,245887292343233,9,124,124,0.406,0.406,0.0,0.406,0.594
48,213022663477279,9,122,122,0.666,0.666,0.0,0.666,0.33399999999999996
48,193711500068987,9,98,91,0.3716,0.2333,0.2333,0.6049,0.3951
48,227839307153219,9,122,120,0.1602,0.3854,0.3854,0.5456000000000001,0.4543999999999999
48,182608850306359,9,131,127,0.2191,0.0577,0.34019999999999995,0.5592999999999999,0.4407000000000001
48,276598120350719,9,139,139,0.1767,0.1767,0.0,0.1767,0.8233
48,277397088528887,9,172,165,0.254,0.4513,0.4513,0.7053,0.29469999999999996
48,217712515612987,9,128,122,0.1354,0.1258,0.3406,0.476,0.524
48,241584574172143,9,128,122,0.0803,0.1111,0.2345,0.31479999999999997,0.6852
48,271957713925463,9,108,108,0.5178,0.5178,0.0,0.5178,0.48219999999999996
48,274249657552499,9,123,123,0.3864,0.3864,0.0,0.3864,0.6135999999999999
48,267391116977107,9,140,140,0.8855,0.8855,0.0,0.8855,0.11450000000000005
48,215041253116741,9,128,128,0.6554,0.6554,0.0,0.6554,0.3446
48,237183755210629,9,134,128,0.1465,0.0232,0.2843,0.43079999999999996,0.5692
48,191152010273761,9,106,106,0.4239,0.4239,0.0,0.4239,0.5761000000000001
48,278194250734223,9,148,116,0.0499,0.3128,0.7846,0.8345,0.16549999999999998
48,195574437336337,9,95,95,0.6428,0.6428,0.0,0.6428,0.35719999999999996
48,272542043638687,9,122,110,0.0921,0.4864,0.7018,0.7938999999999999,0.20610000000000006
48,190396698904931,9,143,132,0.1306,0.0761,0.4241,0.5547,0.44530000000000003
48,280186766279149,9,127,127,0.0432,0.0432,0.0,0.0432,0.9568
48,278792062664347,9,97,97,0.5129,0.5129,0.0,0.5129,0.4871
48,216861896489153,9,111,107,0.4244,0.3509,0.3509,0.7753,0.2247
48,196538246431913,9,240,224,0.0537,0.1072,0.7102,0.7639,0.23609999999999998
48,183439079171869,9,96,96,0.7234,0.7234,0.0,0.7234,0.27659999999999996
48,251240373373793,9,105,104,0.0322,0.0333,0.0333,0.0655,0.9345
48,269874148407641,9,159,159,0.4938,0.4938,0.0,0.4938,0.5062
48,230889720646427,9,92,92,0.4206,0.4206,0.0,0.4206,0.5794
48,273908537375713,9,111,111,0.63,0.63,0.0,0.63,0.37
48,209575562969957,9,98,98,0.7832,0.7832,0.0,0.7832,0.2168
48,262664315866063,9,141,141,0.5197,0.5197,0.0,0.5197,0.48029999999999995
48,191035821396373,9,107,107,0.6219,0.6219,0.0,0.6219,0.3781
48,231103818535571,9,99,99,0.5078,0.5078,0.0,0.5078,0.49219999999999997
49,536025205790159,9,198,198,0.6673,0.6673,0.0,0.6673,0.3327
49,503495795607653,9,142,127,0.1196,0.1709,0.6612,0.7808,0.21919999999999995
49,483067092491429,9,136,136,0.2803,0.2803,0.0,0.2803,0.7197
49,359928800708563,9,125,119,0.0137,0.0203,0.0203,0.034,0.966
49,526167672568969,9,123,123,0.3734,0.3734,0.0,0.3734,0.6266
49,442104532077139,9,118,115,0.4045,0.1222,0.1222,0.5267000000000001,0.47329999999999994
49,523073341953689,9,175,173,0.1643,0.0752,0.33399999999999996,0.49829999999999997,0.5017
49,541665186433873,9,134,98,0.0588,0.3852,0.8496,0.9084,0.09160000000000001
49,406917382813619,9,139,135,0.4278,0.2995,0.2995,0.7273000000000001,0.27269999999999994
49,339535395205367,9,106,106,0.7589,0.7589,0.0,0.7589,0.24109999999999998
49,527702978321837,9,155,155,0.2256,0.2256,0.0,0.2256,0.7744
49,396584885263459,9,139,122,0.065,0.6476,0.7809999999999999,0.8459999999999999,0.15400000000000014
49,469348332456617,9,108,108,0.8464999999999999,0.8464999999999999,0.0,0.8464999999999999,0.15350000000000008
49,498890995323199,9,151,151,0.1873,0.1873,0.0,0.1873,0.8127
49,553730746061653,9,172,167,0.2707,0.1029,0.4251,0.6958,0.3042
49,396129489931783,9,193,182,0.19790000000000002,0.1418,0.5313000000000001,0.7292000000000001,0.27079999999999993
49,486782318523167,9,127,127,0.3033,0.3033,0.0,0.3033,0.6967
49,531576967910377,9,97,92,0.3684,0.2511,0.2511,0.6194999999999999,0.38050000000000006
49,468485249575229,9,125,125,0.3094,0.3094,0.0,0.3094,0.6906
49,380353689134563,9,157,157,0.6902,0.6902,0.0,0.6902,0.30979999999999996
49,534152866359397,9,128,109,0.0315,0.7447,0.7447,0.7762,0.2238
49,523544489271943,9,131,131,0.2545,0.2545,0.0,0.2545,0.7455
49,438699256524307,9,112,111,0.3056,0.0663,0.0663,0.3719,0.6281
49,461236630200529,9,86,86,0.27,0.27,0.0,0.27,0.73
49,513553036572181,9,105,105,0.8484,0.8484,0.0,0.8484,0.15159999999999996
49,413411549568727,9,123,123,0.6297,0.6297,0.0,0.6297,0.37029999999999996
49,428368925710699,9,126,126,0.3451,0.3451,0.0,0.3451,0.6549
49,441098437748113,9,120,116,0.5431,0.3427,0.3427,0.8858,0.11419999999999997
49,472869705030713,9,123,123,0.1639,0.1639,0.0,0.1639,0.8361000000000001
49,473501198343959,9,110,110,0.8231,0.8231,0.0,0.8231,0.17689999999999995
49,413955581423383,9,140,140,0.3864,0.3864,0.0,0.3864,0.6135999999999999
49,532113671074967,9,94,94,0.6297,0.6297,0.0,0.6297,0.37029999999999996
49,556019692374287,9,119,119,0.3866,0.3866,0.0,0.3866,0.6134
49,479499971750389,9,93,93,0.6553,0.6553,0.0,0.6553,0.3447
49,380498421250331,9,113,103,0.2159,0.1389,0.423,0.6389,0.3611
50,677059236417307,9,103,103,0.8627,0.8627,0.0,0.8627,0.13729999999999998
50,667896923588047,9,137,137,0.6989,0.6989,0.0,0.6989,0.30110000000000003
50,937818140671393,9,98,98,0.5471,0.5471,0.0,0.5471,0.45289999999999997
50,641822209978519,9,114,114,0.3409,0.3409,0.0,0.3409,0.6591
50,930710123978533,9,111,111,0.4004,0.4004,0.0,0.4004,0.5996
50,989131124621579,9,91,91,0.6674,0.6674,0.0,0.6674,0.3326
50,1078155450017339,9,171,169,0.4614,0.1818,0.1818,0.6432,0.3568
50,770386107629183,9,109,109,0.4811,0.4811,0.0,0.4811,0.5188999999999999
50,937913822568313,9,115,115,0.6568,0.6568,0.0,0.6568,0.34319999999999995
50,700457392555243,9,138,129,0.1381,0.4329,0.7588,0.8969,0.10309999999999997
50,891609617932129,9,142,142,0.762,0.762,0.0,0.762,0.238
50,936208869680869,9,134,117,0.0979,0.2886,0.5874,0.6853,0.3147
50,979082171362517,9,122,116,0.3366,0.1161,0.3968,0.7334,0.26659999999999995
50,1026795291903793,9,122,122,0.7257,0.7257,0.0,0.7257,0.2743
50,1077659782921549,9,122,122,0.8366,0.8366,0.0,0.8366,0.1634
50,802627001349479,9,140,140,0.3568,0.3568,0.0,0.3568,0.6432
50,1046100281256337,9,92,92,0.6259,0.6259,0.0,0.6259,0.3741
50,956403899580331,9,223,223,0.1979,0.1979,0.0,0.1979,0.8021
50,1112175865730927,9,159,158,0.0363,0.264,0.264,0.3003,0.6997
50,756437064050299,9,129,116,0.1292,0.4715,0.5521,0.6813,0.3187
50,659097491593007,9,115,107,0.0418,0.626,0.626,0.6678,0.33220000000000005
50,1070954299147297,9,121,121,0.2896,0.2896,0.0,0.2896,0.7103999999999999
50,867447597532363,9,112,112,0.9175,0.9175,0.0,0.9175,0.08250000000000002
50,651813054574217,9,97,97,0.4577,0.4577,0.0,0.4577,0.5423
50,756647257517953,9,128,128,0.3394,0.3394,0.0,0.3394,0.6606000000000001
50,981983272948493,9,136,110,0.0875,0.346,0.7361,0.8236,0.1764
50,858904903332041,9,118,118,0.4401,0.4401,0.0,0.4401,0.5599000000000001
50,959217554298247,9,93,93,0.5476,0.5476,0.0,0.5476,0.4524
50,816063144459119,9,126,126,0.5502,0.5502,0.0,0.5502,0.4498
50,805485121925839,9,126,126,0.1659,0.1659,0.0,0.1659,0.8341000000000001
50,930846262393501,9,147,130,0.0559,0.3108,0.6393000000000001,0.6952,0.30479999999999996
50,892637697085909,9,134,134,0.548,0.548,0.0,0.548,0.45199999999999996
50,972633755052161,9,204,204,0.3653,0.3653,0.0,0.3653,0.6347
50,1066301751341383,9,107,107,0.2347,0.2347,0.0,0.2347,0.7653
50,900844751879467,9,147,146,0.2413,0.0969,0.0969,0.3382,0.6617999999999999
51,2053946885613899,9,131,131,0.2792,0.2792,0.0,0.2792,0.7208
51,1628779832843393,9,103,103,0.7501,0.7501,0.0,0.7501,0.2499
51,2218572486879181,9,223,219,0.2495,0.1513,0.47209999999999996,0.7216,0.2784
51,1829797632108161,9,96,96,0.6293,0.6293,0.0,0.6293,0.37070000000000003
51,1411505405196737,9,167,165,0.3471,0.137,0.137,0.48410000000000003,0.5159
51,2203603139834401,9,148,148,0.1206,0.1206,0.0,0.1206,0.8794
51,1646084855301463,9,152,152,0.7876,0.7876,0.0,0.7876,0.21240000000000003
51,1864422801981283,9,134,134,0.878,0.878,0.0,0.878,0.122
51,2125774809490837,9,90,90,0.7722,0.7722,0.0,0.7722,0.2278
51,1518179870737051,9,122,112,0.1628,0.2924,0.5801000000000001,0.7429000000000001,0.2570999999999999
51,1880448776752967,9,171,170,0.3986,0.1612,0.1612,0.5598000000000001,0.4401999999999999
51,1635275522600099,9,145,145,0.6195,0.6195,0.0,0.6195,0.38049999999999995
51,1567358291370439,9,107,107,0.3025,0.3025,0.0,0.3025,0.6975
51,2075954260153607,9,144,132,0.3468,0.4069,0.4069,0.7537,0.24629999999999996
51,2219397563844761,9,125,125,0.4496,0.4496,0.0,0.4496,0.5504
51,1621230758260907,9,165,165,0.7115,0.7115,0.0,0.7115,0.2885
51,2006085042039809,9,123,123,0.2833,0.2833,0.0,0.2833,0.7167
51,2179020342010669,9,153,150,0.0113,0.0189,0.0189,0.030199999999999998,0.9698
51,2130804995241203,9,191,191,0.5985,0.5985,0.0,0.5985,0.40149999999999997
51,1968021202160917,9,109,109,0.6661,0.6661,0.0,0.6661,0.3339
51,2057637743594827,9,151,151,0.733,0.733,0.0,0.733,0.267
51,2021324221889747,9,114,114,0.2492,0.2492,0.0,0.2492,0.7508
51,1854978517542727,9,98,98,0.7013,0.7013,0.0,0.7013,0.29869999999999997
51,2125892382136829,9,103,103,0.7704,0.7704,0.0,0.7704,0.22960000000000003
51,1272559422714197,9,140,132,0.1709,0.0727,0.0727,0.24359999999999998,0.7564
51,1834846722310211,9,151,146,0.31629999999999997,0.3464,0.3464,0.6627,0.33730000000000004
51,1552197460531723,9,135,132,0.3248,0.419,0.419,0.7438,0.2562
51,2044226011010501,9,122,122,0.3833,0.3833,0.0,0.3833,0.6167
51,1812111723114559,9,126,126,0.522,0.522,0.0,0.522,0.478
51,2124125186586019,9,166,166,0.4827,0.4827,0.0,0.4827,0.5173
51,2233655359059959,9,133,133,0.1115,0.1115,0.0,0.1115,0.8885
51,1692011531424881,9,168,140,0.0298,0.3587,0.8151999999999999,0.845,0.15500000000000003
51,2053942636932689,9,111,111,0.884,0.884,0.0,0.884,0.11599999999999999
51,1857212755338403,9,148,139,0.4732,0.2733,0.2733,0.7464999999999999,0.25350000000000006
51,1908199959466351,9,123,123,0.5548,0.5548,0.0,0.5548,0.44520000000000004
52,3992646536313583,9,153,146,0.3182,0.2358,0.3197,0.6378999999999999,0.3621000000000001
52,3786062854162741,9,119,119,0.5338,0.5338,0.0,0.5338,0.46619999999999995
52,4135796266741421,9,92,92,0.8925,0.8925,0.0,0.8925,0.10750000000000004
52,4331467509010321,9,127,127,0.6819,0.6819,0.0,0.6819,0.31810000000000005
52,3498229263734657,9,130,123,0.2605,0.179,0.5527,0.8131999999999999,0.18680000000000008
52,3144546039420367,9,166,161,0.134,0.2982,0.2982,0.43220000000000003,0.5678
52,4030467683822693,9,107,107,0.8102,0.8102,0.0,0.8102,0.18979999999999997
52,4117966174172027,9,124,124,0.6643,0.6643,0.0,0.6643,0.3357
52,3479238614526407,9,102,102,0.3738,0.3738,0.0,0.3738,0.6262
52,3046517214496489,9,128,128,0.5382,0.5382,0.0,0.5382,0.4618
52,2708795888494693,9,124,124,0.8905,0.8905,0.0,0.8905,0.10950000000000004
52,3695188846490237,9,185,185,0.2374,0.2374,0.0,0.2374,0.7626
52,2642035459730047,9,151,148,0.4213,0.1278,0.1278,0.5491,0.45089999999999997
52,4090217159474387,9,147,147,0.6227,0.6227,0.0,0.6227,0.37729999999999997
52,3910077546651317,9,123,113,0.0769,0.4058,0.4748,0.5517,0.44830000000000003
52,3584368809681851,9,176,173,0.7156,0.1742,0.1742,0.8898,0.11019999999999996
52,2475526985915551,9,163,163,0.6005,0.6005,0.0,0.6005,0.39949999999999997
52,3812872168090313,9,118,118,0.3826,0.3826,0.0,0.3826,0.6174
52,3826210654353601,9,156,156,0.7803,0.7803,0.0,0.7803,0.2197
52,3252131641990489,9,141,135,0.3477,0.3856,0.3856,0.7333000000000001,0.26669999999999994
52,4362014722530371,9,142,134,0.14020000000000002,0.5806,0.5806,0.7208,0.2792
52,3866261911352299,9,149,149,0.542,0.542,0.0,0.542,0.45799999999999996
52,3274798886088391,9,91,91,0.5651,0.5651,0.0,0.5651,0.43489999999999995
52,3448465441510757,9,139,133,0.3023,0.3244,0.3244,0.6267,0.37329999999999997
52,3335319466321229,9,180,158,0.0665,0.11,0.3564,0.4229,0.5771
52,4325074904580791,9,171,171,0.7861,0.7861,0.0,0.7861,0.21389999999999998
52,4200456671796311,9,136,136,0.4992,0.4992,0.0,0.4992,0.5008
52,3395754404437579,9,147,139,0.3481,0.2492,0.2968,0.6449,0.35509999999999997
52,3767866907883469,9,132,116,0.2775,0.4109,0.4109,0.6884,0.3116
52,3499246053052531,9,94,94,0.5936,0.5936,0.0,0.5936,0.4064
52,2367019807725827,9,130,127,0.4438,0.254,0.254,0.6978,0.3022
52,4073170398054803,9,115,115,0.5368,0.5368,0.0,0.5368,0.46319999999999995
52,3078910364220451,9,134,134,0.5834,0.5834,0.0,0.5834,0.41659999999999997
52,3426960948711841,9,110,110,0.7162,0.7162,0.0,0.7162,0.28380000000000005
52,4234783526252267,9,212,212,0.5798,0.5798,0.0,0.5798,0.4202
53,5077718390963587,9,124,120,0.549,0.2608,0.2608,0.8098000000000001,0.19019999999999992
53,8004734701767781,9,181,181,0.2476,0.2476,0.0,0.2476,0.7524
53,7192717191264067,9,99,99,0.2708,0.2708,0.0,0.2708,0.7292000000000001
53,6738929974820567,9,179,170,0.49729999999999996,0.2781,0.2781,0.7754,0.22460000000000002
53,8268307889133059,9,148,137,0.0788,0.6834,0.6834,0.7622,0.2378
53,6136030968952607,9,117,113,0.1399,0.2535,0.3368,0.4767,0.5233
53,8128757183630023,9,148,136,0.2458,0.1294,0.45609999999999995,0.7019,0.29810000000000003
53,7862727154939633,9,133,130,0.44930000000000003,0.2499,0.2499,0.6992,0.30079999999999996
53,5817822606784439,9,183,183,0.2387,0.2387,0.0,0.2387,0.7613
53,5140559789717543,9,133,133,0.3007,0.3007,0.0,0.3007,0.6993
53,7981946722900751,9,196,187,0.3443,0.3615,0.4402,0.7845,0.21550000000000002
53,7607323438348811,9,139,139,0.7319,0.7319,0.0,0.7319,0.2681
53,8189006475367049,9,122,115,0.542,0.2998,0.2998,0.8418000000000001,0.1581999999999999
53,7543308373032791,9,117,117,0.6993,0.6993,0.0,0.6993,0.30069999999999997
53,7180053824269943,9,138,125,0.1016,0.2243,0.6565,0.7581,0.2419
53,8346193931190581,9,90,90,0.8138,0.8138,0.0,0.8138,0.18620000000000003
53,7763964379083139,9,143,143,0.8127,0.8127,0.0,0.8127,0.18730000000000002
53,8960856779878873,9,152,152,0.553,0.553,0.0,0.553,0.44699999999999995
53,7476041141703919,9,143,143,0.0776,0.0776,0.0,0.0776,0.9224
53,4925742474862387,9,127,126,0.4369,0.1666,0.1666,0.6035,0.39649999999999996
53,7433162557683769,9,149,149,0.5309,0.5309,0.0,0.5309,0.46909999999999996
53,8318837613735043,9,166,131,0.0303,0.3775,0.5323,0.5626,0.4374
53,5471926415871257,9,143,125,0.098,0.1818,0.1818,0.2798,0.7202
53,8977154058655697,9,136,136,0.7281,0.7281,0.0,0.7281,0.27190000000000003
53,5042826628691161,9,146,135,0.355,0.3053,0.3053,0.6603,0.3397
53,7592581524105091,9,125,125,0.6872,0.6872,0.0,0.6872,0.31279999999999997
53,7794806043451003,9,125,125,0.2758,0.2758,0.0,0.2758,0.7242
53,8392641962529787,9,129,125,0.4195,0.2602,0.2602,0.6797,0.32030000000000003
53,7661376392995657,9,188,188,0.4607,0.4607,0.0,0.4607,0.5393
53,7191303144757007,9,103,103,0.5364,0.5364,0.0,0.5364,0.4636
53,5720836661918519,9,146,146,0.3956,0.3956,0.0,0.3956,0.6044
53,6413658168316381,9,118,118,0.4955,0.4955,0.0,0.4955,0.5045
53,8841433606235717,9,111,111,0.4566,0.4566,0.0,0.4566,0.5434
53,7270962356117017,9,118,118,0.5438,0.5438,0.0,0.5438,0.45620000000000005
53,8821012020215069,9,110,110,0.5621,0.5621,0.0,0.5621,0.43789999999999996
54,15055369546894513,9,131,131,0.4436,0.4436,0.0,0.4436,0.5564
54,17741700727832111,9,200,156,0.0305,0.4446,0.8696,0.9001,0.09989999999999999
54,16647867190743721,9,127,127,0.569,0.569,0.0,0.569,0.43100000000000005
54,16198918229230127,9,163,163,0.5194,0.5194,0.0,0.5194,0.4806
54,15928093238580967,9,144,124,0.101,0.2242,0.6083,0.7092999999999999,0.29070000000000007
54,17168423346670549,9,143,143,0.5748,0.5748,0.0,0.5748,0.4252
54,14819585900991689,9,144,144,0.4936,0.4936,0.0,0.4936,0.5064
54,17761676704063543,9,247,226,0.3369,0.3393,0.3393,0.6761999999999999,0.3238000000000001
54,11263553258311933,9,149,147,0.3816,0.5091,0.5091,0.8907,0.10929999999999995
54,16952129099991079,9,144,144,0.2772,0.2772,0.0,0.2772,0.7228
54,16282648821915349,9,150,135,0.0269,0.1633,0.1633,0.1902,0.8098
54,17594978965168097,9,160,155,0.1858,0.0664,0.6114,0.7972,0.20279999999999998
54,17243271127628761,9,174,165,0.1445,0.1416,0.6496999999999999,0.7941999999999999,0.2058000000000001
54,13571150628351929,9,139,114,0.0419,0.2527,0.6386,0.6805,0.3195
54,14667444033997253,9,127,109,0.0111,0.6213,0.902,0.9131,0.08689999999999998
54,16567709547706357,9,103,103,0.6748,0.6748,0.0,0.6748,0.32520000000000004
54,13078745530465973,9,129,129,0.3955,0.3955,0.0,0.3955,0.6045
54,16411932898483319,9,194,191,0.3583,0.1228,0.1228,0.4811,0.5188999999999999
54,14956130192594551,9,135,135,0.5533,0.5533,0.0,0.5533,0.4467
54,11533415013589121,9,159,159,0.4077,0.4077,0.0,0.4077,0.5923
54,13511112444151177,9,119,119,0.2003,0.2003,0.0,0.2003,0.7997
54,12379484863506121,9,219,213,0.3285,0.0982,0.42290000000000005,0.7514000000000001,0.24859999999999993
54,17650342766598481,9,110,110,0.7035,0.7035,0.0,0.7035,0.2965
54,14108020408341199,9,146,141,0.2153,0.1928,0.5606,0.7759,0.22409999999999997
54,16640182686348157,9,131,131,0.8671,0.8671,0.0,0.8671,0.13290000000000002
54,16120008045656407,9,115,115,0.9065,0.9065,0.0,0.9065,0.09350000000000003
54,17751011322714977,9,149,148,0.3872,0.1257,0.1257,0.5129,0.4871
54,14060630708221211,9,246,246,0.1709,0.1709,0.0,0.1709,0.8291
54,12315880426496947,9,160,160,0.4788,0.4788,0.0,0.4788,0.5212
54,12574012897325653,9,128,128,0.6042,0.6042,0.0,0.6042,0.39580000000000004
54,13068235487412851,9,155,129,0.0296,0.3263,0.8634,0.8929999999999999,0.1070000000000001
54,14881366485981761,9,146,138,0.0586,0.0873,0.1328,0.19140000000000001,0.8086
54,17796779771988559,9,175,169,0.1232,0.0625,0.0625,0.1857,0.8143
54,13579766260930201,9,144,129,0.1016,0.4117,0.6347,0.7363000000000001,0.26369999999999993
54,16533343947615049,9,188,161,0.0476,0.1397,0.8419,0.8895,0.11050000000000004
55,30730249942001503,9,147,147,0.6061,0.6061,0.0,0.6061,0.39390000000000003
55,22674689894908477,9,131,131,0.4008,0.4008,0.0,0.4008,0.5992
55,25581008490239599,9,88,88,0.7894,0.7894,0.0,0.7894,0.2106
55,32748535108849631,9,154,150,0.40169999999999995,0.1744,0.1744,0.5761,0.42390000000000005
55,29955860974517297,9,107,107,0.805,0.805,0.0,0.805,0.19499999999999995
55,30685720782193229,9,135,135,0.4664,0.4664,0.0,0.4664,0.5336000000000001
55,33098772083255959,9,134,134,0.6785,0.6785,0.0,0.6785,0.3215
55,30115497274989031,9,135,123,0.08130000000000001,0.2181,0.22119999999999998,0.3025,0.6975
55,28254941516468449,9,113,107,0.3158,0.4541,0.4541,0.7699,0.23009999999999997
55,34049092848085901,10,135,135,0.4498,0.4498,0.0,0.4498,0.5502
55,35065327706891737,10,132,117,0.2563,0.1871,0.3451,0.6013999999999999,0.39860000000000007
55,30518750817649343,9,165,165,0.5881,0.5881,0.0,0.5881,0.41190000000000004
55,30957871148610443,9,223,223,0.6132,0.6132,0.0,0.6132,0.38680000000000003
55,34063466966203583,10,133,133,0.5747,0.5747,0.0,0.5747,0.4253
55,21885993465558529,9,117,117,0.5318,0.5318,0.0,0.5318,0.46819999999999995
55,31242003797401711,9,87,87,0.6243,0.6243,0.0,0.6243,0.37570000000000003
55,27726807640985693,9,177,161,0.1664,0.2371,0.4242,0.5906,0.4094
55,34636027458437081,10,124,119,0.2591,0.2626,0.2626,0.5217,0.47829999999999995
55,21064108112018941,9,174,174,0.6758,0.6758,0.0,0.6758,0.32420000000000004
55,34502889949940323,10,175,164,0.0921,0.3038,0.5043,0.5963999999999999,0.40360000000000007
55,31756808461827149,9,173,173,0.0098,0.0098,0.0,0.0098,0.9902
55,32024568274020463,9,133,133,0.6603,0.6603,0.0,0.6603,0.3397
55,29309575783153481,9,145,125,0.0815,0.685,0.8255000000000001,0.9070000000000001,0.09299999999999986
55,26146028519133847,9,103,103,0.626,0.626,0.0,0.626,0.374
55,32926588995745409,9,147,147,0.1762,0.1762,0.0,0.1762,0.8238
55,31563013058571367,9,145,145,0.5803,0.5803,0.0,0.5803,0.41969999999999996
55,32448040880751841,9,152,152,0.8323,0.8323,0.0,0.8323,0.16769999999999996
55,33664101539298947,10,95,95,0.5445,0.5445,0.0,0.5445,0.4555
55,30404521526984599,9,105,104,0.1638,0.3256,0.3256,0.4894,0.5105999999999999
55,33223939091540731,9,123,123,0.3999,0.3999,0.0,0.3999,0.6001000000000001
55,35163260562850397,10,147,130,0.1017,0.3912,0.3912,0.4929,0.5071
55,22379704422231131,9,139,139,0.6736,0.6736,0.0,0.6736,0.3264
55,34836483691536251,10,115,112,0.3338,0.1297,0.1297,0.4635,0.5365
55,25154154327115637,9,219,219,0.2498,0.2498,0.0,0.2498,0.7502
55,30210456695781211,9,147,147,0.1414,0.1414,0.0,0.1414,0.8586
56,54146569655730449,10,155,155,0.6555,0.6555,0.0,0.6555,0.34450000000000003
56,53994806483948899,10,130,130,0.2912,0.2912,0.0,0.2912,0.7088
56,61038202316224229,10,106,106,0.5678,0.5678,0.0,0.5678,0.43220000000000003
56,59401836187270387,10,158,140,0.1948,0.1978,0.6079,0.8027,0.19730000000000003
56,59029689625452061,10,120,116,0.329,0.3638,0.3638,0.6928000000000001,0.3071999999999999
56,51863879328410021,10,151,106,0.0441,0.5161,0.888,0.9321,0.06789999999999996
56,59079869865820337,10,90,90,0.8931,0.8931,0.0,0.8931,0.1069
56,60057958222203367,10,144,139,0.3437,0.19399999999999998,0.19399999999999998,0.5377,0.46230000000000004
56,57212496994234577,10,168,163,0.1528,0.4231,0.4231,0.5759,0.42410000000000003
56,47217005669818793,10,115,115,0.5003,0.5003,0.0,0.5003,0.49970000000000003
56,61355980355141113,10,131,130,0.2529,0.434,0.434,0.6869000000000001,0.31309999999999993
56,47815741660921771,10,145,131,0.0384,0.0959,0.7464,0.7847999999999999,0.21520000000000006
56,70641137496860011,10,124,124,0.575,0.575,0.0,0.575,0.42500000000000004
56,65468524253285563,10,117,117,0.4009,0.4009,0.0,0.4009,0.5991
56,56455272838773241,10,109,109,0.7575,0.7575,0.0,0.7575,0.24250000000000005
56,68005298777538821,10,134,134,0.414,0.414,0.0,0.414,0.5860000000000001
56,70363466336174371,10,120,120,0.2893,0.2893,0.0,0.2893,0.7107
56,56959769651430683,10,139,139,0.2806,0.2806,0.0,0.2806,0.7194
56,68633115844796651,10,139,139,0.5842,0.5842,0.0,0.5842,0.41579999999999995
56,69822614305135883,10,154,153,0.255,0.1668,0.1668,0.4218,0.5782
56,71445394426112039,10,150,133,0.0053,0.5516,0.6704999999999999,0.6757999999999998,0.32420000000000015
56,62003529670080589,10,131,131,0.6825,0.6825,0.0,0.6825,0.3175
56,41512571286501571,10,131,131,0.2654,0.2654,0.0,0.2654,0.7345999999999999
56,61535624179661237,10,143,133,0.1595,0.0923,0.447,0.6065,0.39349999999999996
56,68861703603430277,10,120,112,0.4119,0.4912,0.4912,0.9031,0.09689999999999999
56,52903025888618897,10,164,164,0.3251,0.3251,0.0,0.3251,0.6749
56,70466004036169849,10,229,229,0.3169,0.3169,0.0,0.3169,0.6831
56,62917983854192549,10,160,136,0.0318,0.5785,0.7486,0.7804000000000001,0.2195999999999999
56,71288707290593959,10,170,170,0.1694,0.1694,0.0,0.1694,0.8306
56,67241000325403873,10,225,225,0.5883,0.5883,0.0,0.5883,0.41169999999999995
56,66570456226965787,10,145,132,0.359,0.1165,0.1165,0.4755,0.5245
56,61458392951668343,10,139,126,0.1499,0.0516,0.3665,0.5164,0.48360000000000003
56,69878434101944029,10,152,152,0.7029,0.7029,0.0,0.7029,0.29710000000000003
56,60850788741328291,10,138,138,0.7356,0.7356,0.0,0.7356,0.26439999999999997
56,70907912001366059,10,160,152,0.2045,0.4496,0.4496,0.6541,0.3459
57,122657859503960549,10,178,178,0.5224,0.5224,0.0,0.5224,0.4776
57,128337118115573011,10,131,124,0.084,0.3846,0.3846,0.4686,0.5314
57,125674917312269981,10,154,152,0.4358,0.252,0.252,0.6878,0.31220000000000003
57,90431542323830371,10,138,138,0.5214,0.5214,0.0,0.5214,0.4786
57,129143225701458659,10,162,127,0.0174,0.4283,0.9038000000000002,0.9212000000000001,0.07879999999999987
57,118479449644891451,10,131,119,0.2117,0.1858,0.5057,0.7174,0.28259999999999996
57,136092200785374289,10,177,177,0.4774,0.4774,0.0,0.4774,0.5226
57,112949722411792027,10,105,105,0.7154,0.7154,0.0,0.7154,0.28459999999999996
57,116078758888117451,10,137,121,0.0038,0.0868,0.8473999999999999,0.8512,0.14880000000000004
57,137284230568964279,10,141,129,0.1331,0.6153,0.6153,0.7484,0.25160000000000005
57,125797588789113557,10,137,135,0.2784,0.2044,0.2044,0.4828,0.5172
57,110509981762022321,10,131,131,0.6722,0.6722,0.0,0.6722,0.3278
57,116057417976749071,10,124,124,0.3029,0.3029,0.0,0.3029,0.6971
57,107033113925088509,10,145,145,0.6545,0.6545,0.0,0.6545,0.34550000000000003
57,86059940304585581,10,153,142,0.1486,0.1745,0.1745,0.3231,0.6769000000000001
57,135024451992400787,10,140,140,0.4773,0.4773,0.0,0.4773,0.5226999999999999
57,86811855980628431,10,99,99,0.6926,0.6926,0.0,0.6926,0.3074
57,120569460442513099,10,128,126,0.3291,0.1124,0.1124,0.4415,0.5585
57,116536592888992343,10,168,168,0.7778,0.7778,0.0,0.7778,0.22219999999999995
57,116030596682463677,10,134,134,0.5652,0.5652,0.0,0.5652,0.43479999999999996
57,124541504123035897,10,128,123,0.3831,0.3234,0.3234,0.7065,0.2935
57,116448823585863817,10,160,155,0.2016,0.373,0.373,0.5746,0.4254
57,129981567584333603,10,140,118,0.26280000000000003,0.3113,0.38730000000000003,0.6501000000000001,0.3498999999999999
57,79553856746994103,10,153,153,0.4935,0.4935,0.0,0.4935,0.5065
57,88665833318075737,10,135,135,0.3524,0.3524,0.0,0.3524,0.6476
57,110282536915241477,10,125,125,0.4752,0.4752,0.0,0.4752,0.5247999999999999
57,110916242167308491,10,146,146,0.3204,0.3204,0.0,0.3204,0.6796
57,126353997405147851,10,147,147,0.3928,0.3928,0.0,0.3928,0.6072
57,139796553743804437,10,152,146,0.3907,0.3094,0.3094,0.7001,0.29990000000000006
57,105517428820035163,10,138,138,0.7501,0.7501,0.0,0.7501,0.2499
57,123025239810669311,10,175,175,0.6908,0.6908,0.0,0.6908,0.30920000000000003
57,124944040096642997,10,191,181,0.0888,0.4048,0.5269,0.6157,0.3843
57,86183311503320599,10,211,211,0.1197,0.1197,0.0,0.1197,0.8803
57,129347260974950489,10,117,117,0.5178,0.5178,0.0,0.5178,0.48219999999999996
57,117473241857970253,10,147,147,0.6345,0.6345,0.0,0.6345,0.36550000000000005
58,218658323385549769,10,116,116,0.334,0.334,0.0,0.334,0.6659999999999999
58,163270257354644191,10,135,122,0.0111,0.1384,0.4854,0.4965,0.5035000000000001
58,233986031897297153,10,114,114,0.2102,0.2102,0.0,0.2102,0.7898000000000001
58,167688792992153491,10,151,137,0.5537000000000001,0.1536,0.1536,0.7073,0.29269999999999996
58,284499629044191523,10,142,142,0.6271,0.6271,0.0,0.6271,0.3729
58,284996489797630349,10,150,148,0.1806,0.1382,0.1382,0.3188,0.6812
58,279052958042394007,10,149,149,0.3417,0.3417,0.0,0.3417,0.6583
58,251332048801412591,10,138,138,0.4604,0.4604,0.0,0.4604,0.5396000000000001
58,193766637066901057,10,122,122,0.4748,0.4748,0.0,0.4748,0.5252
58,281483309560775183,10,131,125,0.1209,0.26,0.26,0.3809,0.6191
58,286718880818218441,10,143,130,0.1,0.1562,0.4066,0.5066,0.49339999999999995
58,240145794106596977,10,208,202,0.0801,0.149,0.2175,0.2976,0.7024
58,206324804121673891,10,143,143,0.5085,0.5085,0.0,0.5085,0.49150000000000005
58,192131440458193189,10,169,159,0.0188,0.0597,0.0597,0.0785,0.9215
58,232913773728530009,10,136,136,0.2321,0.2321,0.0,0.2321,0.7679
58,273548039345325527,10,123,120,0.2807,0.1979,0.1979,0.4786,0.5214
58,273873879931256299,10,213,211,0.2857,0.0758,0.0758,0.36150000000000004,0.6385
58,252197533510860767,10,167,163,0.0889,0.0777,0.4567,0.5456,0.4544
58,277956608282265361,10,142,123,0.1936,0.2897,0.3694,0.563,0.43700000000000006
58,182164438439761667,10,121,121,0.7245,0.7245,0.0,0.7245,0.27549999999999997
58,223908162482340989,10,118,118,0.6844,0.6844,0.0,0.6844,0.3156
58,161600376243930137,10,184,180,0.3046,0.1002,0.3208,0.6254,0.37460000000000004
58,227082957059716543,10,111,111,0.4333,0.4333,0.0,0.4333,0.5667
58,264283542058180811,10,144,144,0.6474,0.6474,0.0,0.6474,0.3526
58,208876552201824707,10,114,97,0.0345,0.1694,0.1694,0.2039,0.7961
58,267294557862747959,10,130,130,0.8721,0.8721,0.0,0.8721,0.1279
58,243138355197036961,10,152,152,0.2179,0.2179,0.0,0.2179,0.7821
58,265411077782880103,10,159,159,0.5977,0.5977,0.0,0.5977,0.4023
58,269488216780727047,10,148,138,0.0404,0.0987,0.8972,0.9376,0.06240000000000001
58,253500852993217703,10,124,122,0.52,0.1188,0.1188,0.6388,0.36119999999999997
58,194149245378132827,10,150,150,0.3399,0.3399,0.0,0.3399,0.6601
58,217230094829349727,10,123,123,0.357,0.357,0.0,0.357,0.643
58,249969470795033993,10,152,152,0.1041,0.1041,0.0,0.1041,0.8959
58,245049313630392617,10,176,144,0.105,0.2368,0.5231,0.6281,0.3719
58,226605492640327067,10,116,114,0.5205,0.1032,0.1032,0.6236999999999999,0.3763000000000001
59,404087198372766131,10,127,127,0.799,0.799,0.0,0.799,0.20099999999999996
59,524969890278289039,10,124,124,0.1357,0.1357,0.0,0.1357,0.8643000000000001
59,527595496432693343,10,222,222,0.6981,0.6981,0.0,0.6981,0.30189999999999995
59,380142834713934191,10,136,136,0.4508,0.4508,0.0,0.4508,0.5492
59,472292383997885629,10,304,298,0.181,0.2352,0.2352,0.4162,0.5838
59,479482007025077933,10,214,214,0.3937,0.3937,0.0,0.3937,0.6063000000000001
59,570308351604438851,10,114,114,0.4824,0.4824,0.0,0.4824,0.5176000000000001
59,490252288435834987,10,120,120,0.7518,0.7518,0.0,0.7518,0.24819999999999998
59,409893906880230167,10,151,143,0.1917,0.3052,0.3052,0.4969,0.5031
59,554841333883244767,10,132,132,0.6345,0.6345,0.0,0.6345,0.36550000000000005
59,450357382035829937,10,103,103,0.5882,0.5882,0.0,0.5882,0.41180000000000005
59,470029322274471697,10,155,155,0.5551,0.5551,0.0,0.5551,0.44489999999999996
59,499989982849570063,10,152,146,0.1807,0.3126,0.49670000000000003,0.6774,0.3226
59,523682301949386917,10,168,167,0.4731,0.0175,0.0175,0.49060000000000004,0.5094
59,477574771177526371,10,174,147,0.0074,0.322,0.8527999999999999,0.8601999999999999,0.13980000000000015
59,506661267889997137,10,122,122,0.4105,0.4105,0.0,0.4105,0.5895
59,456832823042109067,10,119,110,0.216,0.5925,0.5925,0.8085,0.1915
59,476673059344533937,10,164,153,0.2885,0.1298,0.45249999999999996,0.7409999999999999,0.2590000000000001
59,556594151875543543,10,164,164,0.3899,0.3899,0.0,0.3899,0.6101
59,532129457445227539,10,131,129,0.3488,0.1753,0.1753,0.5241,0.4759
59,402593183845187261,10,112,112,0.108,0.108,0.0,0.108,0.892
59,370610976224378257,10,172,172,0.3324,0.3324,0.0,0.3324,0.6676
59,303091762505556091,10,133,120,0.0659,0.4146,0.4365,0.5024,0.49760000000000004
59,433293542664548747,10,160,141,0.0674,0.3274,0.6573,0.7247,0.2753
59,454325215976265461,10,163,163,0.1458,0.1458,0.0,0.1458,0.8542
59,425223192994017239,10,188,176,0.0926,0.203,0.203,0.29560000000000003,0.7043999999999999
59,557204712938911787,10,236,236,0.6406,0.6406,0.0,0.6406,0.35940000000000005
59,516562470958938319,10,133,130,0.0762,0.059,0.059,0.1352,0.8648
59,554579755684793497,10,143,143,0.5729,0.5729,0.0,0.5729,0.42710000000000004
59,384376152562221103,10,203,203,0.55,0.55,0.0,0.55,0.44999999999999996
59,548250449755373413,10,250,250,0.3344,0.3344,0.0,0.3344,0.6656
59,424295943960931271,10,143,143,0.3891,0.3891,0.0,0.3891,0.6109
59,384303587089176421,10,121,121,0.2702,0.2702,0.0,0.2702,0.7298
59,535472852642429803,10,123,123,0.4371,0.4371,0.0,0.4371,0.5629
59,420976945883319019,10,143,143,0.3866,0.3866,0.0,0.3866,0.6134
60,940520493361010813,10,131,131,0.4116,0.4116,0.0,0.4116,0.5884
60,901444627282874039,10,173,145,0.0697,0.2187,0.7725000000000001,0.8422000000000001,0.15779999999999994
60,1067665029901264007,10,140,138,0.2961,0.044,0.044,0.34009999999999996,0.6599
60,1069218764913361577,10,144,144,0.8332,0.8332,0.0,0.8332,0.16679999999999995
60,1073301119196887221,10,105,105,0.6803,0.6803,0.0,0.6803,0.3197
60,977123977907808623,10,103,103,0.4862,0.4862,0.0,0.4862,0.5138
60,1022731475848192213,10,126,126,0.4635,0.4635,0.0,0.4635,0.5365
60,1055548149656776703,10,145,145,0.2544,0.2544,0.0,0.2544,0.7456
60,627935198588324989,10,129,127,0.39,0.1163,0.1163,0.5063,0.4937
60,931299190579915529,10,172,172,0.3737,0.3737,0.0,0.3737,0.6263000000000001
60,842161516578157381,10,247,223,0.0027,0.2941,0.7728999999999999,0.7756,0.22440000000000004
60,817122465250783583,10,133,125,0.0944,0.1364,0.5324,0.6268,0.3732
60,897125333107097153,10,140,138,0.3226,0.1798,0.1798,0.5024,0.49760000000000004
60,941293617566597093,10,195,183,0.1149,0.1365,0.6298,0.7447,0.25529999999999997
60,1151423175683659639,10,147,147,0.7084,0.7084,0.0,0.7084,0.29159999999999997
60,668293228982600131,10,169,169,0.5235,0.5235,0.0,0.5235,0.47650000000000003
60,1022001660989300339,10,167,160,0.3348,0.203,0.203,0.5378000000000001,0.46219999999999994
60,884190828387476497,10,107,107,0.8891,0.8891,0.0,0.8891,0.1109
60,1016569108066435057,10,99,99,0.5107,0.5107,0.0,0.5107,0.48929999999999996
60,860938564903201861,10,153,134,0.076,0.1591,0.1936,0.2696,0.7303999999999999
60,979102414398929753,10,179,179,0.6865,0.6865,0.0,0.6865,0.3135
60,1052445244512148271,10,152,152,0.5642,0.5642,0.0,0.5642,0.43579999999999997
60,935502131885871829,10,141,140,0.2327,0.269,0.269,0.5017,0.49829999999999997
60,1138321371410719907,10,183,183,0.827,0.827,0.0,0.827,0.17300000000000004
60,893003674347355127,10,178,178,0.4577,0.4577,0.0,0.4577,0.5423
60,899128750158825787,10,274,266,0.1738,0.3754,0.3754,0.5492,0.4508
60,1036157273420385521,10,165,155,0.2542,0.4112,0.4796,0.7338,0.2662
60,808250994363083303,10,158,158,0.7244,0.7244,0.0,0.7244,0.27559999999999996
60,1124951904333955757,10,298,295,0.3497,0.1111,0.1111,0.4608,0.5392
60,1082993997833316467,10,135,135,0.6195,0.6195,0.0,0.6195,0.38049999999999995
60,1093146299721261979,10,183,167,0.2667,0.1687,0.1687,0.4354,0.5646
60,929589808731624959,10,165,165,0.5556,0.5556,0.0,0.5556,0.4444
60,866098586150592227,10,143,143,0.2767,0.2767,0.0,0.2767,0.7233
60,973704066117519797,10,159,159,0.308,0.308,0.0,0.308,0.692
60,1023152435206819591,10,124,124,0.4094,0.4094,0.0,0.4094,0.5906
61,1759915266334161047,10,175,175,0.7126,0.7126,0.0,0.7126,0.2874
61,2277035557785317677,10,231,231,0.2126,0.2126,0.0,0.2126,0.7874
61,1785220630112720891,10,139,139,0.5211,0.5211,0.0,0.5211,0.4789
61,2033234273051901449,10,147,147,0.2557,0.2557,0.0,0.2557,0.7443
61,1825844544037855931,10,131,131,0.6163,0.6163,0.0,0.6163,0.38370000000000004
61,1998116077606514963,10,148,148,0.2111,0.2111,0.0,0.2111,0.7888999999999999
61,1802569911838065703,10,213,195,0.026,0.2376,0.8455,0.8715,0.12849999999999995
61,2173314991578938903,10,154,151,0.2728,0.2226,0.2226,0.49539999999999995,0.5046
61,1748524003171635881,10,189,173,0.184,0.1402,0.4851,0.6691,0.33089999999999997
61,1449519138272957249,10,120,120,0.3695,0.3695,0.0,0.3695,0.6305000000000001
61,1907001313501414129,10,188,188,0.3209,0.3209,0.0,0.3209,0.6791
61,1937693190770118911,10,137,137,0.5169,0.5169,0.0,0.5169,0.4831
61,2048678502565978313,10,146,146,0.3438,0.3438,0.0,0.3438,0.6562
61,1496759420984126333,10,143,143,0.565,0.565,0.0,0.565,0.43500000000000005
61,2153946339589860821,10,124,124,0.4322,0.4322,0.0,0.4322,0.5678000000000001
61,2254199338720261771,10,150,150,0.7545999999999999,0.7545999999999999,0.0,0.7545999999999999,0.24540000000000006
61,1916396128280894461,10,141,141,0.7967,0.7967,0.0,0.7967,0.20330000000000004
61,1634255663593367767,10,184,167,0.3134,0.5106,0.5106,0.8240000000000001,0.17599999999999993
61,2076334198619650129,10,231,225,0.255,0.1889,0.1889,0.4439,0.5561
61,1997395409214962243,10,155,155,0.5944,0.5944,0.0,0.5944,0.40559999999999996
61,2045183421972911711,10,169,169,0.6179,0.6179,0.0,0.6179,0.3821
61,1538863753700191861,10,153,153,0.5984,0.5984,0.0,0.5984,0.40159999999999996
61,2300474317916325833,10,249,242,0.1484,0.1662,0.2122,0.36060000000000003,0.6394
61,1867319680203670853,10,139,123,0.3856,0.4751,0.4751,0.8607,0.13929999999999998
61,1873857374636670697,10,149,149,0.33130000000000004,0.33130000000000004,0.0,0.33130000000000004,0.6687
61,2201971142048333533,10,145,145,0.5593,0.5593,0.0,0.5593,0.4407
61,1839061873605581587,10,134,134,0.2963,0.2963,0.0,0.2963,0.7037
61,2127948193001208101,10,191,175,0.3482,0.1376,0.4531,0.8013,0.1987
61,1525912743015087437,10,142,126,0.43189999999999995,0.3831,0.3831,0.815,0.18500000000000005
61,2079018092937096721,10,120,120,0.5321,0.5321,0.0,0.5321,0.4679
61,1871818878537748909,10,203,203,0.7083,0.7083,0.0,0.7083,0.29169999999999996
61,1932800219514169121,10,145,145,0.2084,0.2084,0.0,0.2084,0.7916
61,1442539043838878113,10,133,133,0.5199,0.5199,0.0,0.5199,0.48009999999999997
61,1768030128434824607,10,143,138,0.3481,0.3768,0.3768,0.7249000000000001,0.2750999999999999
61,2066334427464827041,10,131,131,0.4109,0.4109,0.0,0.4109,0.5891
62,3462843901941419371,10,238,238,0.4206,0.4206,0.0,0.4206,0.5794
62,3987692612488894147,10,169,147,0.0379,0.5121,0.8428,0.8807,0.11929999999999996
62,2642955467882873657,10,150,150,0.5744,0.5744,0.0,0.5744,0.4256
62,3601767060160516399,10,195,195,0.1973,0.1973,0.0,0.1973,0.8027
62,3583442439715126343,10,121,121,0.2619,0.2619,0.0,0.2619,0.7381
62,4109768554212302903,10,157,147,0.3366,0.2566,0.5363,0.8729,0.1271
62,4092359698936416521,10,150,150,0.4822,0.4822,0.0,0.4822,0.5178
62,4048810362881038103,10,164,164,0.0977,0.0977,0.0,0.0977,0.9023
62,3455679061525801567,10,158,158,0.9187,0.9187,0.0,0.9187,0.08130000000000004
62,4271234626667098451,10,133,123,0.0074,0.5086,0.5086,0.516,0.484
62,4341948206527074893,10,173,173,0.4305,0.4305,0.0,0.4305,0.5695
62,3754929895923018187,10,174,174,0.3268,0.3268,0.0,0.3268,0.6732
62,3481845502551682523,10,122,122,0.2584,0.2584,0.0,0.2584,0.7416
62,3689005129819737337,10,176,159,0.3444,0.2159,0.3851,0.7295,0.27049999999999996
62,4395672812918038261,10,169,165,0.2773,0.2072,0.2072,0.4845,0.5155000000000001
62,2617689445578963139,10,167,167,0.4394,0.4394,0.0,0.4394,0.5606
62,3513019569538626757,10,161,160,0.2575,0.1592,0.1592,0.4167,0.5832999999999999
62,3093184069302516949,10,176,169,0.4402,0.1523,0.1523,0.5925,0.4075
62,4126662741240872149,10,138,138,0.2777,0.2777,0.0,0.2777,0.7222999999999999
62,4084711882332890321,10,190,182,0.134,0.2606,0.4861,0.6201,0.3799
62,4034485995490736153,10,146,141,0.3722,0.4473,0.4473,0.8194999999999999,0.1805000000000001
62,4196444826584082439,10,136,136,0.7508999999999999,0.7508999999999999,0.0,0.7508999999999999,0.2491000000000001
62,3989705562538199947,10,171,167,0.4275,0.1429,0.1429,0.5704,0.4296
62,3874643597368738217,10,144,139,0.192,0.145,0.2939,0.4859,0.5141
62,4331564450836123733,10,193,189,0.3289,0.112,0.112,0.4409,0.5590999999999999
62,3730707410436587549,10,141,137,0.191,0.2205,0.2205,0.4115,0.5885
62,4056324247388759287,10,164,137,0.1128,0.1821,0.4295,0.5423,0.4577
62,3994447918947636433,10,131,131,0.6385,0.6385,0.0,0.6385,0.36150000000000004
62,4274305536716012191,10,146,146,0.4652,0.4652,0.0,0.4652,0.5347999999999999
62,4216026681868487173,10,206,204,0.07919999999999999,0.3467,0.3467,0.4259,0.5741
62,4401078264790127983,10,166,166,0.8402,0.8402,0.0,0.8402,0.15980000000000005
62,3516611434677855511,10,134,127,0.2431,0.3931,0.3931,0.6362,0.3638
62,4097066064853071221,10,228,228,0.1764,0.1764,0.0,0.1764,0.8236
62,4295895989661939961,10,140,140,0.7565,0.7565,0.0,0.7565,0.24350000000000005
62,3347216108580298597,10,165,142,0.1176,0.3707,0.3707,0.48829999999999996,0.5117
63,5318910405036031409,10,176,136,0.0088,0.2716,0.3893,0.39809999999999995,0.6019000000000001
63,8634606551572845863,11,245,236,0.1229,0.1172,0.6022,0.7251,0.27490000000000003
63,8530882228501017193,11,143,143,0.5252,0.5252,0.0,0.5252,0.4748
63,8037703835053492727,11,151,151,0.2511,0.2511,0.0,0.2511,0.7489
63,6488935827904415069,10,149,149,0.2429,0.2429,0.0,0.2429,0.7571
63,6938665126272763727,10,216,195,0.0262,0.1628,0.6196999999999999,0.6458999999999999,0.3541000000000001
63,6978864819614587349,10,140,140,0.1551,0.1551,0.0,0.1551,0.8449
63,7535449189668913649,11,201,196,0.2146,0.1753,0.2524,0.467,0.5329999999999999
63,8109635743778490809,11,258,240,0.0104,0.1416,0.3396,0.35000000000000003,0.6499999999999999
63,8285444056173688331,11,112,112,0.6441,0.6441,0.0,0.6441,0.3559
63,8102996831878120951,11,109,109,0.2112,0.2112,0.0,0.2112,0.7888
63,8188870644657308561,11,127,127,0.7363,0.7363,0.0,0.7363,0.26370000000000005
63,8443006492099932959,11,191,191,0.311,0.311,0.0,0.311,0.6890000000000001
63,9099043342435130263,11,164,164,0.0789,0.0789,0.0,0.0789,0.9211
63,7059542076262961267,10,201,201,0.1406,0.1406,0.0,0.1406,0.8593999999999999
63,8339913701958594359,11,147,147,0.589,0.589,0.0,0.589,0.41100000000000003
63,6664301547761140037,10,110,110,0.9225,0.9225,0.0,0.9225,0.07750000000000001
63,8575486841291323739,11,138,138,0.5691,0.5691,0.0,0.5691,0.43089999999999995
63,8093593110127073279,11,155,155,0.5313,0.5313,0.0,0.5313,0.4687
63,9017734688602043683,11,171,171,0.776,0.776,0.0,0.776,0.22399999999999998
63,7320618093610656343,10,182,182,0.3618,0.3618,0.0,0.3618,0.6382
63,7277124100999859591,10,217,198,0.0059,0.2533,0.6094,0.6153000000000001,0.38469999999999993
63,9045200232165355457,11,121,112,0.2615,0.1419,0.3751,0.6366,0.36339999999999995
63,8408374146805466027,11,138,128,0.1568,0.2755,0.5159,0.6727000000000001,0.3272999999999999
63,8806842103808399767,11,124,124,0.3305,0.3305,0.0,0.3305,0.6695
63,8524941291514195949,11,160,145,0.11530000000000001,0.2275,0.49470000000000003,0.6100000000000001,0.3899999999999999
63,7198058406961019197,10,170,170,0.4527,0.4527,0.0,0.4527,0.5473
63,8807881830242558783,11,153,153,0.3458,0.3458,0.0,0.3458,0.6542
63,8965837059748756049,11,143,143,0.5773,0.5773,0.0,0.5773,0.42269999999999996
63,6286813917993478747,10,164,156,0.41,0.3927,0.3927,0.8027,0.19730000000000003
63,8033225571067770973,11,156,156,0.0232,0.0232,0.0,0.0232,0.9768
63,8743622229449624411,11,162,158,0.2023,0.3263,0.3263,0.5286,0.47140000000000004
63,8892980013660691621,11,132,132,0.4261,0.4261,0.0,0.4261,0.5739000000000001
63,7636854279299333917,11,106,106,0.6598,0.6598,0.0,0.6598,0.34019999999999995
63,9197925838205389469,11,185,164,0.123,0.1541,0.6272,0.7502,0.24980000000000002
64,13624961506052239423,11,176,176,0.6787,0.6787,0.0,0.6787,0.32130000000000003
64,17057215146760447943,11,134,134,0.7674,0.7674,0.0,0.7674,0.23260000000000003
64,13767163566338074499,11,220,211,0.1352,0.1512,0.2803,0.4155,0.5845
64,17245421097800385797,11,127,127,0.8693,0.8693,0.0,0.8693,0.13070000000000004
64,13729821202797228101,11,120,120,0.4755,0.4755,0.0,0.4755,0.5245
64,9938862625267892249,11,156,152,0.1274,0.0336,0.21989999999999998,0.3473,0.6527000000000001
64,17339399408118444847,11,150,150,0.3927,0.3927,0.0,0.3927,0.6073
64,12534898328977982123,11,144,143,0.1127,0.1097,0.1097,0.2224,0.7776000000000001
64,18321889563932550493,11,203,203,0.3907,0.3907,0.0,0.3907,0.6093
64,11443435584572804039,11,130,130,0.7989,0.7989,0.0,0.7989,0.20109999999999995
64,18372697276243633949,11,131,131,0.5905,0.5905,0.0,0.5905,0.4095
64,14571819753812794007,11,174,174,0.4305,0.4305,0.0,0.4305,0.5695
64,14957703287482632923,11,172,172,0.3372,0.3372,0.0,0.3372,0.6628000000000001
64,12229790399674724809,11,144,141,0.0778,0.0307,0.0307,0.1085,0.8915
64,11121045177836844427,11,140,139,0.0633,0.2662,0.2662,0.3295,0.6705
64,12967950285486678553,11,154,154,0.5741,0.5741,0.0,0.5741,0.42589999999999995
64,17533805096110354339,11,175,172,0.4515,0.3424,0.3424,0.7939,0.20609999999999995
64,17340898166745360827,11,158,158,0.5682,0.5682,0.0,0.5682,0.43179999999999996
64,11798378112807383143,11,176,174,0.4933,0.2417,0.2417,0.735,0.265
64,18412233821638065133,11,164,164,0.5246,0.5246,0.0,0.5246,0.47540000000000004
64,17902563158220217151,11,149,149,0.1707,0.1707,0.0,0.1707,0.8293
64,16160348493856637201,11,145,130,0.0803,0.2151,0.6698,0.7501,0.2499
64,15621429453914736871,11,124,124,0.1093,0.1093,0.0,0.1093,0.8907
64,13424801533760820989,11,111,111,0.3208,0.3208,0.0,0.3208,0.6792
64,13784540322734515303,11,104,104,0.5875,0.5875,0.0,0.5875,0.4125
64,17021962492823867737,11,189,186,0.0379,0.2874,0.2874,0.3253,0.6747000000000001
64,15415718932800883891,11,131,131,0.3593,0.3593,0.0,0.3593,0.6407
64,14499617874034660091,11,131,131,0.5234,0.5234,0.0,0.5234,0.4766
64,14933710837649581919,11,102,102,0.7804,0.7804,0.0,0.7804,0.21960000000000002
64,17251596615064205539,11,148,138,0.2572,0.0744,0.0744,0.3316,0.6684
64,12323739084894638503,11,162,141,0.2783,0.3457,0.3457,0.624,0.376
64,15781532829337153799,11,207,207,0.7082,0.7082,0.0,0.7082,0.29179999999999995
64,15781295820405652001,11,99,99,0.6634,0.6634,0.0,0.6634,0.3366
64,17299455461561191631,11,151,151,0.3253,0.3253,0.0,0.3253,0.6747000000000001
64,16032894851974152881,11,152,152,0.4677,0.4677,0.0,0.4677,0.5323
65,28669980767490327253,11,155,155,0.5731999999999999,0.5731999999999999,0.0,0.5731999999999999,0.42680000000000007
65,32001464128375033543,11,177,177,0.5647,0.5647,0.0,0.5647,0.4353
65,27217763903104825849,11,208,208,0.2879,0.2879,0.0,0.2879,0.7121
65,25784453746334129101,11,123,123,0.4808,0.4808,0.0,0.4808,0.5192
65,32389461619041181883,11,196,161,0.013500000000000002,0.264,0.8137999999999999,0.8272999999999998,0.1727000000000002
65,34351798656649438207,11,119,119,0.4028,0.4028,0.0,0.4028,0.5972
65,31914188180302029743,11,180,163,0.1601,0.1817,0.5232,0.6833,0.3167
65,27247862617984368601,11,180,173,0.1054,0.6339,0.6339,0.7393000000000001,0.26069999999999993
65,36835708560339017621,11,146,146,0.2469,0.2469,0.0,0.2469,0.7531
65,29310711651928837777,11,120,120,0.5997,0.5997,0.0,0.5997,0.4003
65,29784158786175893087,11,181,181,0.0723,0.0723,0.0,0.0723,0.9277
65,21927851434783605011,11,134,128,0.1641,0.1552,0.4425,0.6066,0.39339999999999997
65,31500968155347062107,11,141,141,0.3246,0.3246,0.0,0.3246,0.6754
65,28756400714612074607,11,202,172,0.011300000000000001,0.401,0.7128999999999999,0.7241999999999998,0.27580000000000016
65,19976543654343577039,11,186,178,0.3077,0.3462,0.3462,0.6538999999999999,0.3461000000000001
65,34652395594636615963,11,151,151,0.2215,0.2215,0.0,0.2215,0.7785
65,30361636713067591051,11,182,182,0.2907,0.2907,0.0,0.2907,0.7093
65,34001607989781254059,11,142,142,0.6917,0.6917,0.0,0.6917,0.3083
65,26126510874733845421,11,137,137,0.1026,0.1026,0.0,0.1026,0.8974
65,26804895873077070449,11,133,133,0.3329,0.3329,0.0,0.3329,0.6671
65,31073716648799560409,11,134,134,0.6171,0.6171,0.0,0.6171,0.3829
65,32443424100912621299,11,155,149,0.1603,0.128,0.128,0.2883,0.7117
65,28244593511146430953,11,182,180,0.0614,0.0407,0.0407,0.1021,0.8979
65,32854575321178218833,11,139,139,0.1468,0.1468,0.0,0.1468,0.8532
65,29187828466948287161,11,226,206,0.021599999999999998,0.0837,0.7525999999999998,0.7741999999999998,0.22580000000000022
65,27382400292217022323,11,129,129,0.5339,0.5339,0.0,0.5339,0.46609999999999996
65,31616133444347284979,11,144,144,0.6257,0.6257,0.0,0.6257,0.37429999999999997
65,24291176290064142727,11,215,210,0.0249,0.2301,0.4024,0.42729999999999996,0.5727
65,32196217915960726319,11,188,188,0.7269,0.7269,0.0,0.7269,0.2731
65,35856853839039800407,11,160,160,0.3291,0.3291,0.0,0.3291,0.6709
65,29622545775575828357,11,137,137,0.5484,0.5484,0.0,0.5484,0.4516
65,34088382863685444323,11,155,155,0.034,0.034,0.0,0.034,0.966
65,33150374570905612543,11,181,167,0.1105,0.2391,0.7387,0.8492000000000001,0.15079999999999993
65,33333451644635572939,11,273,273,0.3751,0.3751,0.0,0.3751,0.6249
65,32871460806342312871,11,199,188,0.1308,0.4231,0.4231,0.5539,0.44610000000000005
66,68930245663783060129,11,143,143,0.7054,0.7054,0.0,0.7054,0.2946
66,66470448918821828879,11,166,152,0.1054,0.2368,0.4568,0.5622,0.43779999999999997
66,62040270293157600629,11,242,242,0.8654999999999999,0.8654999999999999,0.0,0.8654999999999999,0.13450000000000006
66,70807131996212015681,11,173,173,0.5179,0.5179,0.0,0.5179,0.4821
66,51155916528118262249,11,146,146,0.1708,0.1708,0.0,0.1708,0.8291999999999999
66,56755168328631837943,11,128,120,0.2191,0.4766,0.4766,0.6957,0.3043
66,69086484297185699287,11,147,147,0.6667,0.6667,0.0,0.6667,0.33330000000000004
66,68940066454753665713,11,142,142,0.8084,0.8084,0.0,0.8084,0.1916
66,54721015214173294247,11,138,138,0.6339,0.6339,0.0,0.6339,0.3661
66,53420531685199742689,11,146,146,0.7401,0.7401,0.0,0.7401,0.2599
66,58009205768099559487,11,126,126,0.5797,0.5797,0.0,0.5797,0.4203
66,72349190559311655287,11,157,156,0.223,0.0923,0.0923,0.3153,0.6847
66,56653682029846755389,11,173,173,0.1779,0.1779,0.0,0.1779,0.8221
66,62060316272441436311,11,223,223,0.3727,0.3727,0.0,0.3727,0.6273
66,60566429825458655261,11,175,166,0.1083,0.1,0.3555,0.4638,0.5362
66,41438915861568707369,11,198,192,0.1626,0.139,0.139,0.3016,0.6984
66,71088019135331799901,11,208,192,0.0133,0.312,0.6577000000000002,0.6710000000000002,0.32899999999999985
66,54834797171507910811,11,124,124,0.5893,0.5893,0.0,0.5893,0.41069999999999995
66,60710603863617320617,11,131,125,0.2848,0.2906,0.2906,0.5754,0.4246
66,45584285252122915057,11,153,150,0.3464,0.2012,0.392,0.7384,0.26160000000000005
66,71054170825792214873,11,120,120,0.4487,0.4487,0.0,0.4487,0.5513
66,73207781063042696611,11,147,147,0.6716,0.6716,0.0,0.6716,0.3284
66,66001242395291146901,11,186,186,0.7048,0.7048,0.0,0.7048,0.2952
66,59322929340679691227,11,155,143,0.1123,0.3328,0.6912999999999999,0.8035999999999999,0.19640000000000013
66,46905362626543070513,11,144,144,0.6189,0.6189,0.0,0.6189,0.3811
66,59358247617667070729,11,106,106,0.6717,0.6717,0.0,0.6717,0.32830000000000004
66,45523445623460340181,11,128,126,0.2934,0.1076,0.1076,0.401,0.599
66,67107788424984075317,11,149,126,0.3428,0.1527,0.1655,0.5083,0.4917
66,52395038024628410437,11,145,145,0.5711,0.5711,0.0,0.5711,0.42889999999999995
66,65817369942936227929,11,139,139,0.1376,0.1376,0.0,0.1376,0.8624
66,65323963450295737087,11,153,153,0.3851,0.3851,0.0,0.3851,0.6149
66,67870363938562692593,11,226,226,0.6084,0.6084,0.0,0.6084,0.39159999999999995
66,60039961990281265471,11,176,176,0.8492,0.8492,0.0,0.8492,0.15080000000000005
66,62801074230627483781,11,222,222,0.4977,0.4977,0.0,0.4977,0.5023
66,66024295362101193079,11,120,120,0.7083,0.7083,0.0,0.7083,0.29169999999999996
67,114403242703792279339,11,198,198,0.7878,0.7878,0.0,0.7878,0.21220000000000006
67,137843435608353307577,11,281,262,0.0789,0.1295,0.6994000000000001,0.7783000000000001,0.2216999999999999
67,132047188166576810329,11,176,162,0.0354,0.1361,0.3346,0.37,0.63
67,105381040512837989261,11,141,136,0.1503,0.2285,0.3055,0.4558,0.5442
67,139007023423350684857,11,191,191,0.731,0.731,0.0,0.731,0.269
67,102743171873258531077,11,152,149,0.1048,0.4406,0.4406,0.5454,0.4546
67,91189853108321945927,11,149,149,0.7731,0.7731,0.0,0.7731,0.2269
67,118149843821498336831,11,106,106,0.8242,0.8242,0.0,0.8242,0.17579999999999996
67,105292449588993317491,11,101,101,0.6433,0.6433,0.0,0.6433,0.3567
67,143548499464190847413,11,168,168,0.4937,0.4937,0.0,0.4937,0.5063
67,119238203537236688251,11,145,138,0.098,0.1767,0.4239,0.5219,0.47809999999999997
67,139074834339679086743,11,131,131,0.5948,0.5948,0.0,0.5948,0.4052
67,117281279456420177227,11,195,190,0.4383,0.2834,0.2834,0.7217,0.2783
67,141412856324225649073,11,183,153,0.0102,0.1947,0.7983,0.8085,0.1915
67,128065396456721804239,11,174,158,0.0198,0.1462,0.6324000000000001,0.6522000000000001,0.3477999999999999
67,135460522613715566389,11,336,303,0.0029,0.2558,0.8125,0.8154,0.1846
67,134063520904013487131,11,116,116,0.2551,0.2551,0.0,0.2551,0.7449
67,117191777064345240743,11,163,163,0.4308,0.4308,0.0,0.4308,0.5691999999999999
67,115593390041753135639,11,256,256,0.407,0.407,0.0,0.407,0.593
67,144487699084496183531,11,126,126,0.4537,0.4537,0.0,0.4537,0.5463
67,114555838310913748757,11,252,252,0.5243,0.5243,0.0,0.5243,0.4757
67,138428779796780538503,11,131,131,0.4217,0.4217,0.0,0.4217,0.5783
67,110647785799318779727,11,152,152,0.3872,0.3872,0.0,0.3872,0.6128
67,143720265574272066241,11,124,121,0.3102,0.2125,0.2125,0.5226999999999999,0.47730000000000006
67,132200604898735693379,11,216,198,0.0532,0.1598,0.3369,0.3901,0.6099
67,124603387487135250637,11,130,130,0.2138,0.2138,0.0,0.2138,0.7862
67,144294435428896711501,11,187,187,0.8264,0.8264,0.0,0.8264,0.17359999999999998
67,146044142201349306881,11,199,195,0.381,0.3557,0.3557,0.7367,0.2633
67,91032426747438109001,11,160,160,0.4588,0.4588,0.0,0.4588,0.5412
67,117926392590642805063,11,160,160,0.2138,0.2138,0.0,0.2138,0.7862
67,113629479689795630963,11,183,183,0.02,0.02,0.0,0.02,0.98
67,83999103348844674061,11,137,137,0.6235,0.6235,0.0,0.6235,0.37649999999999995
67,141856825936448878747,11,142,142,0.321,0.321,0.0,0.321,0.679
67,90249578418164814503,11,142,142,0.3284,0.3284,0.0,0.3284,0.6716
67,144220251338324350747,11,191,176,0.0421,0.2829,0.4225,0.4646,0.5354
68,243454586036884778723,11,149,149,0.0306,0.0306,0.0,0.0306,0.9694
68,232107540209772084887,11,190,162,0.0058,0.0886,0.6885,0.6943,0.30569999999999997
68,283243757765364701761,11,164,146,0.20379999999999998,0.5484,0.5484,0.7522,0.24780000000000002
68,236888558963038473347,11,189,189,0.3237,0.3237,0.0,0.3237,0.6763
68,232459978562420027659,11,156,155,0.2915,0.082,0.082,0.3735,0.6265000000000001
68,293538755637554627191,11,171,164,0.3306,0.3399,0.3399,0.6705,0.3295
68,198246463103091147083,11,125,125,0.8236,0.8236,0.0,0.8236,0.1764
68,285674110761636041339,11,236,224,0.1596,0.1313,0.5235,0.6830999999999999,0.31690000000000007
68,281842306383754200151,11,125,125,0.4948,0.4948,0.0,0.4948,0.5052
68,278144184462715230353,11,145,145,0.5208,0.5208,0.0,0.5208,0.47919999999999996
68,275037339497991701941,11,155,148,0.0284,0.1534,0.5125,0.5408999999999999,0.45910000000000006
68,283788013088005280311,11,139,139,0.2721,0.2721,0.0,0.2721,0.7279
68,278871645876051827657,11,156,150,0.3032,0.315,0.315,0.6182000000000001,0.3817999999999999
68,267453817953714926069,11,216,192,0.3491,0.1875,0.1875,0.5366,0.46340000000000003
68,253190314295664554201,11,263,259,0.3735,0.0735,0.0735,0.447,0.5529999999999999
68,191521866142537047079,11,212,212,0.5484,0.5484,0.0,0.5484,0.4516
68,164887678950600198349,11,130,127,0.0968,0.3254,0.3254,0.4222,0.5778
68,265002361779343395197,11,184,184,0.3588,0.3588,0.0,0.3588,0.6412
68,282955635787889446549,11,194,194,0.1658,0.1658,0.0,0.1658,0.8342
68,275716565672301751097,11,168,168,0.4527,0.4527,0.0,0.4527,0.5473
68,285535343814753650843,11,215,215,0.6427,0.6427,0.0,0.6427,0.35729999999999995
68,272984373392330006497,11,232,223,0.1033,0.2976,0.43779999999999997,0.5410999999999999,0.4589000000000001
68,263145776597303321483,11,158,158,0.2672,0.2672,0.0,0.2672,0.7328
68,255834548026483907291,11,203,199,0.2313,0.2732,0.2732,0.5045,0.49550000000000005
68,225981130535433591413,11,236,236,0.5189,0.5189,0.0,0.5189,0.48109999999999997
68,260515162952133793819,11,198,198,0.7645,0.7645,0.0,0.7645,0.23550000000000004
68,294738222431172102269,11,203,200,0.1545,0.2043,0.2043,0.3588,0.6412
68,276479817903321567103,11,172,172,0.4446,0.4446,0.0,0.4446,0.5554
68,280191234135150448811,11,140,140,0.3777,0.3777,0.0,0.3777,0.6223000000000001
68,191415056294089365667,11,167,167,0.6442,0.6442,0.0,0.6442,0.3558
68,283536207754930746041,11,133,133,0.4386,0.4386,0.0,0.4386,0.5614
68,201533596740541339559,11,147,147,0.6842,0.6842,0.0,0.6842,0.31579999999999997
68,204548628858517864853,11,182,176,0.712,0.0542,0.1557,0.8676999999999999,0.13230000000000008
68,286071436212102803123,11,143,142,0.2309,0.1554,0.1554,0.3863,0.6137
68,262509708566483010559,11,188,187,0.3841,0.0629,0.0629,0.447,0.5529999999999999
69,433603158937005416767,11,157,157,0.4129,0.4129,0.0,0.4129,0.5871
69,390393924112927854761,11,123,123,0.6371,0.6371,0.0,0.6371,0.3629
69,449376768105250878419,11,189,189,0.412,0.412,0.0,0.412,0.5880000000000001
69,386217594669222357073,11,155,155,0.7312,0.7312,0.0,0.7312,0.26880000000000004
69,494199477702295330921,11,119,119,0.2263,0.2263,0.0,0.2263,0.7737
69,522070961434086899951,11,147,147,0.6038,0.6038,0.0,0.6038,0.3962
69,583372611633897664573,11,184,184,0.3544,0.3544,0.0,0.3544,0.6456
69,372142305734238047881,11,142,142,0.3347,0.3347,0.0,0.3347,0.6653
69,428016922872853063357,11,149,149,0.5991,0.5991,0.0,0.5991,0.40090000000000003
69,570245036496452173939,11,167,154,0.2424,0.0649,0.4223,0.6647000000000001,0.33529999999999993
69,544589226725107404157,11,117,117,0.2888,0.2888,0.0,0.2888,0.7112
69,527559651187274362919,11,238,219,0.1431,0.272,0.6916,0.8347,0.1653
69,438809731806222532289,11,167,167,0.6066,0.6066,0.0,0.6066,0.39339999999999997
69,501524642730722674201,11,127,127,0.7487,0.7487,0.0,0.7487,0.25129999999999997
69,391639868853861706853,11,189,187,0.2819,0.3079,0.39390000000000003,0.6758,0.32420000000000004
69,437236214447647698329,11,195,188,0.0685,0.1242,0.1242,0.1927,0.8073
69,541149860448664786609,11,143,143,0.3204,0.3204,0.0,0.3204,0.6796
69,542673452781403135147,11,213,194,0.0057,0.0937,0.7874,0.7931,0.20689999999999997
69,581585066217902768383,11,208,208,0.3321,0.3321,0.0,0.3321,0.6678999999999999
69,513478091405028669109,11,196,196,0.1984,0.1984,0.0,0.1984,0.8016
69,361320670574819643613,11,195,195,0.2277,0.2277,0.0,0.2277,0.7723
69,424977741152889573349,11,142,136,0.3881,0.3012,0.4405,0.8286,0.1714
69,483600111671378076899,11,210,209,0.2796,0.0744,0.0744,0.354,0.646
69,526445518401552198377,11,187,187,0.1644,0.1644,0.0,0.1644,0.8356
69,569825927584577104951,11,188,163,0.1362,0.2727,0.4811,0.6173,0.38270000000000004
69,543175010650417947331,11,138,138,0.4018,0.4018,0.0,0.4018,0.5982000000000001
69,418792711994984127349,11,147,144,0.1227,0.1575,0.1575,0.2802,0.7198
69,553203410119275553289,11,148,137,0.1198,0.3799,0.3799,0.49970000000000003,0.5003
69,467555954481076190503,11,134,134,0.8106,0.8106,0.0,0.8106,0.1894
69,555869023214949493801,11,155,155,0.4971,0.4971,0.0,0.4971,0.5029
69,524125128103423857247,11,184,179,0.2185,0.2891,0.2891,0.5076,0.49239999999999995
69,400767538029774348599,11,138,138,0.1979,0.1979,0.0,0.1979,0.8021
69,514941397095120144869,11,177,174,0.3913,0.187,0.2693,0.6606,0.33940000000000003
69,428782382788121520001,11,159,138,0.1098,0.325,0.7586,0.8684000000000001,0.13159999999999994
69,572211607267695364369,11,182,170,0.2746,0.1277,0.1277,0.4023,0.5977
70,1111004596388365757297,11,167,164,0.2311,0.0204,0.0204,0.2515,0.7484999999999999
70,861368636335539703417,11,194,194,0.5974,0.5974,0.0,0.5974,0.40259999999999996
70,979192217444393264261,11,199,198,0.2152,0.1186,0.1186,0.3338,0.6662
70,1051369259356175214527,11,231,231,0.2285,0.2285,0.0,0.2285,0.7715
70,977154388281602212883,11,225,225,0.49,0.49,0.0,0.49,0.51
70,928902330608386746539,11,154,154,0.3077,0.3077,0.0,0.3077,0.6923
70,1107465717720441305003,11,188,158,0.0837,0.2532,0.627,0.7107,0.2893
70,1173704608399749331163,11,148,148,0.4051,0.4051,0.0,0.4051,0.5949
70,829860158581643674367,11,306,303,0.2397,0.3971,0.3971,0.6368,0.36319999999999997
70,982195260912838516469,11,188,188,0.4289,0.4289,0.0,0.4289,0.5710999999999999
70,1053226462017257821523,11,173,173,0.4962,0.4962,0.0,0.4962,0.5038
70,721467833420836691281,11,159,159,0.7522,0.7522,0.0,0.7522,0.24780000000000002
70,1100409015408192145727,11,120,120,0.3366,0.3366,0.0,0.3366,0.6634
70,825856068085809975793,11,215,215,0.3698,0.3698,0.0,0.3698,0.6302
70,1120595737569543385919,11,137,137,0.4777,0.4777,0.0,0.4777,0.5223
70,1163856861340025243903,11,171,171,0.2836,0.2836,0.0,0.2836,0.7163999999999999
70,735545960637254220449,11,187,187,0.3685,0.3685,0.0,0.3685,0.6315
70,1089534671566148970797,11,203,193,0.3759,0.2315,0.2315,0.6074,0.39259999999999995
70,1147036049894775769753,11,152,152,0.0879,0.0879,0.0,0.0879,0.9121
70,1177978836664345896293,11,207,195,0.2456,0.3251,0.5442,0.7898000000000001,0.21019999999999994
70,882945837045171043997,11,240,231,0.1299,0.0548,0.0548,0.18469999999999998,0.8153
70,839979914338399473337,11,248,240,0.34750000000000003,0.1235,0.30269999999999997,0.6502,0.3498
70,1023729036332072968019,11,228,228,0.4661,0.4661,0.0,0.4661,0.5339
70,853216939589679686551,11,192,177,0.006,0.0005,0.0165,0.0225,0.9775
70,944227513722262647751,11,156,133,0.0699,0.3238,0.42179999999999995,0.49169999999999997,0.5083
70,1163642750487603409253,11,179,177,0.3478,0.043,0.043,0.3908,0.6092
70,1159306056451981451473,11,155,148,0.2451,0.3028,0.3028,0.5479,0.45209999999999995
70,760987996696350978637,11,138,138,0.6443,0.6443,0.0,0.6443,0.3557
70,1170330167329984893151,11,149,135,0.0723,0.3832,0.45499999999999996,0.5273,0.4727
70,907777521173115353567,11,187,187,0.3803,0.3803,0.0,0.3803,0.6196999999999999
70,968725218368740618447,11,245,238,0.18170000000000003,0.2152,0.2152,0.39690000000000003,0.6031
70,1038013923370308045731,11,220,220,0.6683,0.6683,0.0,0.6683,0.3317
70,1045512720598090807687,11,155,155,0.3201,0.3201,0.0,0.3201,0.6799
70,1170157226728450719257,11,191,188,0.1422,0.5086,0.5086,0.6508,0.34919999999999995
70,804392945685409967597,11,146,146,0.6921,0.6921,0.0,0.6921,0.30789999999999995
71,1646833638946830622349,11,173,169,0.0434,0.3992,0.5721,0.6155,0.38449999999999995
71,1653589687334316433337,11,181,162,0.21610000000000001,0.1485,0.24059999999999998,0.4567,0.5433
71,1433900653509838402153,11,159,151,0.2925,0.0897,0.1206,0.41309999999999997,0.5869
71,2205608750636577350221,12,178,173,0.1187,0.0966,0.41900000000000004,0.5377000000000001,0.46229999999999993
71,1947975674676189724691,12,211,187,0.0243,0.0836,0.6956000000000001,0.7199000000000001,0.2800999999999999
71,1868406940623153200539,12,169,169,0.2292,0.2292,0.0,0.2292,0.7708
71,2008325606420183235127,12,184,184,0.1877,0.1877,0.0,0.1877,0.8123
71,1852714391496420531341,12,173,173,0.3363,0.3363,0.0,0.3363,0.6637
71,1653728019936950381309,11,173,163,0.3192,0.2995,0.40630000000000005,0.7255,0.27449999999999997
71,1769306907689955631457,11,153,153,0.3119,0.3119,0.0,0.3119,0.6880999999999999
71,1815536665484920660031,11,159,155,0.0713,0.2434,0.2434,0.3147,0.6853
71,1932188405957111823263,12,138,138,0.5369,0.5369,0.0,0.5369,0.46309999999999996
71,1842003264084935590213,12,222,216,0.2323,0.2274,0.2274,0.4597,0.5403
71,1760841063540642239599,11,223,211,0.1399,0.1301,0.34520000000000006,0.4851000000000001,0.5148999999999999
71,2110789964011530788809,12,188,169,0.0135,0.1699,0.6317,0.6452,0.3548
71,2251232361674282293829,12,171,156,0.0889,0.2172,0.4243,0.5132,0.4868
71,1969344441242132258273,12,216,216,0.3825,0.3825,0.0,0.3825,0.6174999999999999
71,2328425081485919584123,12,199,199,0.5204,0.5204,0.0,0.5204,0.4796
71,1809410523366509228863,11,113,113,0.7363,0.7363,0.0,0.7363,0.26370000000000005
71,2208057475953820952621,12,185,167,0.1001,0.421,0.5208999999999999,0.6209999999999999,0.3790000000000001
71,1542943369185107525179,11,135,135,0.6139,0.6139,0.0,0.6139,0.3861
71,2337785008155054810679,12,288,288,0.6407,0.6407,0.0,0.6407,0.35929999999999995
71,2189590683308006517829,12,146,146,0.4287,0.4287,0.0,0.4287,0.5712999999999999
71,1369337338584442385381,11,149,149,0.4082,0.4082,0.0,0.4082,0.5918
71,1820320606706723448287,11,187,169,0.1068,0.21,0.5218,0.6286,0.37139999999999995
71,2046584565737882291663,12,199,199,0.531,0.531,0.0,0.531,0.469
71,1286645500792930311151,11,155,146,0.1377,0.2421,0.2421,0.3798,0.6202
71,1946085063843254427851,12,136,129,0.1908,0.4466,0.4466,0.6374,0.36260000000000003
71,2142589422426027062783,12,174,167,0.0599,0.1185,0.26739999999999997,0.3273,0.6727000000000001
71,1581826017027649005601,11,138,138,0.231,0.231,0.0,0.231,0.769
71,1338614378384340742493,11,215,215,0.4029,0.4029,0.0,0.4029,0.5971
71,1650488984119403947471,11,303,285,0.2339,0.1059,0.1059,0.3398,0.6602
71,2123196628994776200631,12,232,227,0.2939,0.2806,0.2806,0.5745,0.4255
71,1497744921043716972923,11,150,150,0.6413,0.6413,0.0,0.6413,0.3587
71,1439319428428225925353,11,148,148,0.1409,0.1409,0.0,0.1409,0.8591
72,3578821129949562572827,12,166,166,0.479,0.479,0.0,0.479,0.521
72,4041432742206091269199,12,171,155,0.2683,0.1644,0.1644,0.4327,0.5673
72,4277382793160492158441,12,180,165,0.1648,0.096,0.44989999999999997,0.6147,0.3853
72,4162801996181678937821,12,162,147,0.133,0.1036,0.2999,0.4329,0.5670999999999999
72,4604708909905537221307,12,220,220,0.5188,0.5188,0.0,0.5188,0.48119999999999996
72,2995465016341428382559,12,220,208,0.0038,0.3953,0.6759000000000001,0.6797000000000001,0.3202999999999999
72,4438554868449935741881,12,134,134,0.5514,0.5514,0.0,0.5514,0.4486
72,3699488414297310617447,12,159,159,0.3498,0.3498,0.0,0.3498,0.6502
72,2817971184598464941341,12,179,175,0.1309,0.0982,0.2216,0.3525,0.6475
72,4245352577969516036029,12,155,143,0.1129,0.2336,0.3277,0.4406,0.5594
72,4072573351462301995013,12,193,193,0.267,0.267,0.0,0.267,0.733
72,4477124550885696320629,12,233,233,0.0834,0.0834,0.0,0.0834,0.9166
72,4492666939535934000617,12,170,151,0.2849,0.4598,0.4598,0.7446999999999999,0.2553000000000001
72,4531528342164573459419,12,336,294,0.0043,0.2622,0.9048999999999999,0.9091999999999999,0.0908000000000001
72,4317293534732635704833,12,275,270,0.12290000000000001,0.1655,0.20450000000000002,0.3274,0.6726
72,4294028815522840492859,12,165,165,0.5864,0.5864,0.0,0.5864,0.41359999999999997
72,3942887288700240910321,12,167,167,0.1118,0.1118,0.0,0.1118,0.8882
72,3762759074743409240651,12,156,156,0.6138,0.6138,0.0,0.6138,0.3862
72,4535337022393799265023,12,179,179,0.4867,0.4867,0.0,0.4867,0.5133
72,4528385948923943078543,12,183,183,0.4066,0.4066,0.0,0.4066,0.5933999999999999
72,3697462051675862705317,12,160,160,0.0485,0.0485,0.0,0.0485,0.9515
72,3507957924694339350389,12,195,195,0.4576,0.4576,0.0,0.4576,0.5424
72,3675976188698549636569,12,116,116,0.3571,0.3571,0.0,0.3571,0.6429
72,4001386630610216279387,12,152,152,0.1713,0.1713,0.0,0.1713,0.8287
72,3138839618416578324733,12,184,180,0.1385,0.2456,0.2456,0.3841,0.6159
72,3116911285212912379111,12,182,167,0.2474,0.2972,0.3332,0.5806,0.4194
72,3281314014297548710483,12,150,125,0.1006,0.0205,0.0205,0.1211,0.8789
72,4714602503306889950947,12,192,192,0.328,0.328,0.0,0.328,0.6719999999999999
72,4441461368391116262607,12,166,165,0.1838,0.1438,0.1438,0.3276,0.6724
72,4295975389853189709371,12,104,104,0.6032,0.6032,0.0,0.6032,0.39680000000000004
72,4709625228236460254057,12,230,215,0.0166,0.4595,0.4595,0.4761,0.5239
72,3581795617376453366777,12,173,154,0.0572,0.3408,0.7237,0.7809,0.21909999999999996
72,4426902612311289996961,12,151,129,0.0901,0.2781,0.5361,0.6262,0.3738
72,3739203796881283095191,12,156,156,0.5388,0.5388,0.0,0.5388,0.46120000000000005
72,3040513775908017440557,12,123,123,0.4337,0.4337,0.0,0.4337,0.5663
73,9036089075614966313987,12,196,187,0.1648,0.2515,0.4122,0.577,0.42300000000000004
73,7562957245742930073583,12,216,216,0.3629,0.3629,0.0,0.3629,0.6371
73,8479687827708809442763,12,173,173,0.3935,0.3935,0.0,0.3935,0.6065
73,7760631052729293809459,12,170,170,0.2844,0.2844,0.0,0.2844,0.7156
73,8835503006859506128937,12,150,150,0.6711,0.6711,0.0,0.6711,0.32889999999999997
73,8379390895798382834359,12,250,243,0.2344,0.1914,0.1914,0.42579999999999996,0.5742
73,6060120119737528003669,12,218,218,0.2131,0.2131,0.0,0.2131,0.7868999999999999
73,9402280026559314077881,12,218,218,0.1478,0.1478,0.0,0.1478,0.8522000000000001
73,7322300839691125037747,12,318,298,0.1186,0.3542,0.5499,0.6685000000000001,0.3314999999999999
73,9335485706846625596651,12,213,206,0.1235,0.3507,0.3507,0.4742,0.5258
73,9096879260614470664337,12,139,136,0.3906,0.2726,0.2726,0.6632,0.3368
73,5713590505435024243601,12,173,154,0.0884,0.5448,0.6867999999999999,0.7751999999999999,0.2248000000000001
73,9037548735309308431031,12,252,252,0.7807,0.7807,0.0,0.7807,0.21930000000000005
73,6410722729044701631881,12,145,145,0.421,0.421,0.0,0.421,0.579
73,8681066837721754136653,12,167,167,0.5764,0.5764,0.0,0.5764,0.4236
73,7010688893117594024129,12,258,246,0.2606,0.088,0.3362,0.5968,0.4032
73,8587553057823075372389,12,178,148,0.035500000000000004,0.243,0.7523,0.7878,0.21220000000000006
73,7622214009755925521737,12,182,182,0.7726,0.7726,0.0,0.7726,0.22740000000000005
73,8499260767164085679923,12,113,113,0.0905,0.0905,0.0,0.0905,0.9095
73,8678520718162734433691,12,144,139,0.3552,0.1637,0.1637,0.5189,0.48109999999999997
73,6274566993426537952219,12,141,127,0.0911,0.1657,0.24169999999999997,0.3328,0.6672
73,6604027994862211204807,12,152,152,0.2109,0.2109,0.0,0.2109,0.7891
73,8936066498411508834211,12,143,141,0.3943,0.1248,0.1248,0.5191,0.4809
73,7947389401970199577303,12,241,226,0.0556,0.0144,0.719,0.7746,0.22540000000000004
73,8415319697059566932317,12,150,150,0.6176,0.6176,0.0,0.6176,0.38239999999999996
73,7809279197199295836883,12,284,284,0.1465,0.1465,0.0,0.1465,0.8535
73,9195011806166908691119,12,161,161,0.3532,0.3532,0.0,0.3532,0.6468
73,7906107485521853756543,12,256,256,0.1253,0.1253,0.0,0.1253,0.8747
73,8989462623372783424751,12,143,143,0.6346,0.6346,0.0,0.6346,0.36539999999999995
73,8863329780573754643149,12,162,162,0.1543,0.1543,0.0,0.1543,0.8457
73,8082922272868055343553,12,171,163,0.356,0.0856,0.2603,0.6163,0.38370000000000004
73,6793392109694719036217,12,301,280,0.064,0.1118,0.7311000000000001,0.7951000000000001,0.20489999999999986
73,7884390504414848252351,12,219,219,0.7331,0.7331,0.0,0.7331,0.2669
73,8430156216409177576723,12,209,209,0.4215,0.4215,0.0,0.4215,0.5785
73,6086065231206205653349,12,230,230,0.2505,0.2505,0.0,0.2505,0.7495
74,14950482413870528198671,12,196,189,0.0761,0.2151,0.3668,0.4429,0.5570999999999999
74,12862048049770294629271,12,164,164,0.6739,0.6739,0.0,0.6739,0.32609999999999995
74,15766342007866836502019,12,183,183,0.3018,0.3018,0.0,0.3018,0.6981999999999999
74,14660584486684439728121,12,187,170,0.2541,0.3718,0.3718,0.6259,0.3741
74,16137239300612284029367,12,143,143,0.6913999999999999,0.6913999999999999,0.0,0.6913999999999999,0.3086000000000001
74,11402246950515566186351,12,158,144,0.1332,0.286,0.4785,0.6117,0.3883
74,12975794417373510137927,12,206,183,0.008,0.1052,0.24760000000000001,0.2556,0.7444
74,17390368982274146009651,12,199,188,0.1788,0.2604,0.2604,0.43920000000000003,0.5608
74,18491325252260254380191,12,157,157,0.3681,0.3681,0.0,0.3681,0.6319
74,14994224596603676927989,12,157,152,0.3098,0.2413,0.3103,0.6201000000000001,0.3798999999999999
74,18147359989239685996523,12,186,186,0.1947,0.1947,0.0,0.1947,0.8053
74,13864692010494966356039,12,335,315,0.0719,0.3161,0.6608,0.7327,0.2673
74,17637326500460297908687,12,151,151,0.3986,0.3986,0.0,0.3986,0.6013999999999999
74,16472325399403822879031,12,212,186,0.0483,0.1434,0.43000000000000005,0.47830000000000006,0.5216999999999999
74,13195332974009816272451,12,158,153,0.1861,0.3565,0.3565,0.5426,0.45740000000000003
74,14365493945855837240447,12,219,205,0.2864,0.2963,0.45420000000000005,0.7406,0.25939999999999996
74,17279730655389582900269,12,175,175,0.3959,0.3959,0.0,0.3959,0.6041000000000001
74,17756910927381417640997,12,215,215,0.2345,0.2345,0.0,0.2345,0.7655000000000001
74,17308775556567307683851,12,150,150,0.7269,0.7269,0.0,0.7269,0.2731
74,18807183882437096867711,12,204,191,0.189,0.4219,0.4219,0.6109,0.3891
74,12664662264476959442171,12,207,205,0.0382,0.0949,0.0949,0.1331,0.8669
74,17832902355809722921507,12,212,189,0.1356,0.4282,0.6148,0.7504,0.24960000000000004
74,16890457940776693952741,12,189,189,0.5999,0.5999,0.0,0.5999,0.4001
74,16352566491182860907569,12,227,219,0.0744,0.043,0.2499,0.32430000000000003,0.6757
74,16950666386482391855329,12,174,174,0.1527,0.1527,0.0,0.1527,0.8472999999999999
74,11923928098403730379933,12,136,136,0.5073,0.5073,0.0,0.5073,0.4927
74,18847907136402509676037,12,179,179,0.3925,0.3925,0.0,0.3925,0.6074999999999999
74,17200122845121694489469,12,158,157,0.4086,0.182,0.182,0.5906,0.4094
74,11158872924100816022851,12,155,155,0.5479,0.5479,0.0,0.5479,0.45209999999999995
74,12086777297675055722707,12,163,158,0.3275,0.1052,0.2786,0.6061000000000001,0.3938999999999999
74,17524094960328588889871,12,157,157,0.5735,0.5735,0.0,0.5735,0.4265
74,18578326130271521628397,12,149,149,0.474,0.474,0.0,0.474,0.526
74,14981640379063857005153,12,167,167,0.5886,0.5886,0.0,0.5886,0.4114
74,15524146421394018122371,12,154,154,0.1754,0.1754,0.0,0.1754,0.8246
74,13936485244931224545191,12,157,157,0.1599,0.1599,0.0,0.1599,0.8401000000000001
75,26727611905110189454363,12,243,243,0.6744,0.6744,0.0,0.6744,0.3256
75,33219826848038400969019,12,243,243,0.2655,0.2655,0.0,0.2655,0.7344999999999999
75,36797762178168804964381,12,267,261,0.1982,0.0983,0.2248,0.423,0.577
75,28689107530411147121587,12,215,190,0.08940000000000001,0.0293,0.7178000000000001,0.8072000000000001,0.19279999999999986
75,34393407805453316170169,12,157,157,0.1273,0.1273,0.0,0.1273,0.8727
75,31089811843574791252837,12,143,143,0.7079,0.7079,0.0,0.7079,0.2921
75,35252027535767438468911,12,167,147,0.0426,0.4483,0.5912999999999999,0.6338999999999999,0.3661000000000001
75,25164330089694463617461,12,175,175,0.2984,0.2984,0.0,0.2984,0.7016
75,37277356843938474075437,12,143,143,0.6876,0.6876,0.0,0.6876,0.3124
75,37414459091433331119749,12,195,195,0.2266,0.2266,0.0,0.2266,0.7734
75,36717154965104177544203,12,198,198,0.1413,0.1413,0.0,0.1413,0.8587
75,34409234983836436218259,12,290,279,0.1695,0.2045,0.45230000000000004,0.6218,0.3782
75,31081503842662857589211,12,245,224,0.1622,0.2773,0.5082,0.6704,0.3296
75,34969254954237843601883,12,172,154,0.0542,0.5782,0.5782,0.6324000000000001,0.3675999999999999
75,37708350707839832629589,12,212,212,0.4069,0.4069,0.0,0.4069,0.5931
75,23285601068259350126983,12,170,169,0.0135,0.0993,0.0993,0.1128,0.8872
75,21534612064500585332881,12,190,179,0.0487,0.4041,0.4954,0.5441,0.45589999999999997
75,27966725435171691759403,12,198,181,0.1665,0.3347,0.3347,0.5012,0.4988
75,28252985048675503322699,12,239,239,0.7198,0.7198,0.0,0.7198,0.2802
75,33207239439274232651299,12,175,175,0.4997,0.4997,0.0,0.4997,0.5003
75,28727248208528895762229,12,150,150,0.2697,0.2697,0.0,0.2697,0.7303
75,25682068996334920359991,12,174,154,0.0606,0.2663,0.6398,0.7004,0.2996
75,33789493535308364018563,12,152,151,0.1892,0.3237,0.3237,0.5129,0.4871
75,36827717799900688007861,12,229,203,0.053,0.2402,0.7064999999999999,0.7595,0.24050000000000005
75,30431756044089284703227,12,232,232,0.7214,0.7214,0.0,0.7214,0.27859999999999996
75,29592729148924838603137,12,169,169,0.5867,0.5867,0.0,0.5867,0.4133
75,35475944077995311801909,12,157,157,0.6553,0.6553,0.0,0.6553,0.3447
75,34041733193938373069063,12,186,186,0.4826,0.4826,0.0,0.4826,0.5174000000000001
75,36361098308977668829769,12,243,243,0.3325,0.3325,0.0,0.3325,0.6675
75,37579010367664104198989,12,199,199,0.3195,0.3195,0.0,0.3195,0.6805
75,36939711147298226836901,12,138,138,0.2733,0.2733,0.0,0.2733,0.7267
75,23909798754143474598611,12,176,176,0.1889,0.1889,0.0,0.1889,0.8110999999999999
75,37231652812805687722433,12,171,171,0.4225,0.4225,0.0,0.4225,0.5775
75,35978310263216737686871,12,285,285,0.4281,0.4281,0.0,0.4281,0.5719000000000001
75,29689943190788589775201,12,187,187,0.3675,0.3675,0.0,0.3675,0.6325000000000001
76,57123132740632920811963,12,194,181,0.1749,0.2362,0.2362,0.4111,0.5889
76,58169670330945359147963,12,169,169,0.6637,0.6637,0.0,0.6637,0.33630000000000004
76,47461006236522104496203,12,189,189,0.5984,0.5984,0.0,0.5984,0.40159999999999996
76,59866180179020626161259,12,310,292,0.1018,0.0882,0.7045,0.8063,0.19369999999999998
76,52168712185134977499481,12,198,197,0.3011,0.1814,0.1814,0.4825,0.5175000000000001
76,54361623653313221972759,12,146,146,0.6931,0.6931,0.0,0.6931,0.30689999999999995
76,58835804449968078906041,12,223,214,0.0831,0.2222,0.5064,0.5894999999999999,0.4105000000000001
76,73483841643116712659653,12,370,370,0.4693,0.4693,0.0,0.4693,0.5307
76,54143088878230449782147,12,161,161,0.2444,0.2444,0.0,0.2444,0.7556
76,53327921773035453374011,12,257,255,0.1384,0.1487,0.1487,0.2871,0.7129
76,66471477037445879263171,12,153,153,0.0847,0.0847,0.0,0.0847,0.9153
76,73158491733170001216713,12,182,166,0.0867,0.2479,0.7222,0.8089,0.19110000000000005
76,46453822724133367254787,12,206,206,0.2157,0.2157,0.0,0.2157,0.7843
76,52942490314575587808799,12,254,220,0.06930000000000001,0.1302,0.6206000000000002,0.6899000000000002,0.3100999999999998
76,45817387669786071029503,12,229,229,0.3964,0.3964,0.0,0.3964,0.6036
76,50970033111725169622049,12,297,291,0.4437,0.0291,0.0291,0.4728,0.5272
76,59453745628491411095449,12,226,226,0.2811,0.2811,0.0,0.2811,0.7189
76,64710760673752178832167,12,184,184,0.0639,0.0639,0.0,0.0639,0.9361
76,73598928295807972962887,12,141,141,0.4782,0.4782,0.0,0.4782,0.5218
76,65909912416147238761417,12,156,156,0.5514,0.5514,0.0,0.5514,0.4486
76,75036929010890321083733,12,226,194,0.0072,0.1419,0.5468999999999999,0.5540999999999999,0.4459000000000001
76,43387341919498716846059,12,193,187,0.1713,0.1486,0.31779999999999997,0.4891,0.5109
76,51667308953577355714609,12,172,170,0.0754,0.2118,0.2118,0.2872,0.7128
76,48005737988946474696671,12,198,158,0.1306,0.2506,0.5146999999999999,0.6453,0.3547
76,68826873171632290622153,12,212,212,0.2796,0.2796,0.0,0.2796,0.7203999999999999
76,51127664865853850273731,12,270,262,0.1925,0.0693,0.1527,0.3452,0.6548
76,71218427629444722150833,12,170,170,0.7632,0.7632,0.0,0.7632,0.2368
76,39725978740594546989553,12,193,193,0.0445,0.0445,0.0,0.0445,0.9555
76,73741693856934507091517,12,289,289,0.2836,0.2836,0.0,0.2836,0.7163999999999999
76,60860527342691017251053,12,199,199,0.1302,0.1302,0.0,0.1302,0.8698
76,61157870605582877427919,12,275,272,0.2299,0.1583,0.1583,0.3882,0.6118
76,67139502819851765048131,12,163,156,0.1053,0.2234,0.2234,0.3287,0.6713
76,71602068254804704229779,12,174,166,0.5182,0.3352,0.3352,0.8533999999999999,0.14660000000000006
76,48121941842738889110143,12,309,309,0.4671,0.4671,0.0,0.4671,0.5328999999999999
76,65816408497591207445039,12,237,235,0.3208,0.0989,0.4531,0.7739,0.22609999999999997
77,102020772777990538027849,12,177,160,0.1618,0.0614,0.4823,0.6441,0.3559
77,150129384095201169841187,12,130,130,0.4606,0.4606,0.0,0.4606,0.5394
77,121429438055091116937743,12,203,197,0.1061,0.0536,0.0828,0.1889,0.8110999999999999
77,138097378202211814081159,12,214,214,0.5546,0.5546,0.0,0.5546,0.4454
77,82698013837031429378273,12,207,207,0.2684,0.2684,0.0,0.2684,0.7316
77,127813375833385853581969,12,196,196,0.1993,0.1993,0.0,0.1993,0.8007
77,126350066614997410485869,12,202,202,0.5261,0.5261,0.0,0.5261,0.4739
77,138248429249750672392817,12,167,167,0.0295,0.0295,0.0,0.0295,0.9705
77,140073971173627320331303,12,193,193,0.2009,0.2009,0.0,0.2009,0.7991
77,128812230480381268539139,12,180,180,0.7004,0.7004,0.0,0.7004,0.2996
77,103948749376774876903183,12,174,173,0.2105,0.1725,0.1725,0.383,0.617
77,149216341743612432408239,12,172,171,0.0221,0.048,0.048,0.0701,0.9299
77,136934262926579653586741,12,211,188,0.2157,0.2788,0.4747,0.6904,0.3096
77,94886713489403146439753,12,191,191,0.3698,0.3698,0.0,0.3698,0.6302
77,147929282775623711426453,12,311,300,0.1645,0.134,0.2669,0.4314,0.5686
77,114499869245238922082929,12,146,146,0.4531,0.4531,0.0,0.4531,0.5468999999999999
77,129242966813429951888933,12,202,170,0.0114,0.3326,0.6795000000000001,0.6909000000000001,0.30909999999999993
77,110438739342408022613387,12,187,187,0.861,0.861,0.0,0.861,0.139
77,127780459721750615306993,12,174,174,0.3396,0.3396,0.0,0.3396,0.6604
77,142274737180153714927603,12,201,170,0.0309,0.4696,0.8337000000000001,0.8646000000000001,0.13539999999999985
77,149531299497130462751129,12,173,173,0.7045,0.7045,0.0,0.7045,0.2955
77,131001548627990277262979,12,194,194,0.5662,0.5662,0.0,0.5662,0.43379999999999996
77,146406967040605716801547,12,181,174,0.3172,0.122,0.122,0.4392,0.5608
77,116951234984244434350481,12,263,255,0.1811,0.1333,0.2031,0.3842,0.6158
77,136637473206975521262883,12,195,195,0.653,0.653,0.0,0.653,0.347
77,89282323156894012010429,12,146,141,0.3839,0.2518,0.2518,0.6357,0.36429999999999996
77,150936706418546352982897,12,146,146,0.7599,0.7599,0.0,0.7599,0.24009999999999998
77,130592846177862815363839,12,202,202,0.5947,0.5947,0.0,0.5947,0.4053
77,128713362198358688397827,12,166,166,0.2315,0.2315,0.0,0.2315,0.7685
77,82623614185769018552651,12,149,149,0.1456,0.1456,0.0,0.1456,0.8544
77,110557209087759827447731,12,179,179,0.4667,0.4667,0.0,0.4667,0.5333
77,123479543541619223512511,12,151,151,0.8925,0.8925,0.0,0.8925,0.10750000000000004
77,109857014489257310949101,12,306,306,0.2702,0.2702,0.0,0.2702,0.7298
77,149311787137498546379359,12,233,228,0.3918,0.1532,0.1532,0.5449999999999999,0.45500000000000007
77,144367276582254077725027,12,208,198,0.1868,0.1478,0.1478,0.3346,0.6654
78,239174407317254544700339,12,155,155,0.5853,0.5853,0.0,0.5853,0.41469999999999996
78,297077708312237643214111,12,183,179,0.2134,0.1474,0.1474,0.3608,0.6392
78,207131982951587871717439,12,179,179,0.458,0.458,0.0,0.458,0.542
78,275991203800013425056889,12,189,189,0.557,0.557,0.0,0.557,0.44299999999999995
78,267007166320566005970919,12,175,167,0.3022,0.1143,0.1143,0.41650000000000004,0.5834999999999999
78,213209541317056619752201,12,164,164,0.3695,0.3695,0.0,0.3695,0.6305000000000001
78,190248772497695617311787,12,177,177,0.4448,0.4448,0.0,0.4448,0.5552
78,214913589834053081172601,12,226,226,0.3429,0.3429,0.0,0.3429,0.6571
78,258276220178057272616651,12,184,172,0.1295,0.3842,0.3842,0.5137,0.48629999999999995
78,185684854195595597228801,12,175,175,0.1439,0.1439,0.0,0.1439,0.8561
78,262842513169063316646539,12,219,211,0.1062,0.4799,0.4799,0.5861,0.41390000000000005
78,297574046771339414460299,12,223,223,0.6647,0.6647,0.0,0.6647,0.33530000000000004
78,289160589227811208956907,12,141,141,0.3046,0.3046,0.0,0.3046,0.6954
78,301733383290478727800903,12,228,215,0.1036,0.2803,0.666,0.7696000000000001,0.23039999999999994
78,230520020159588861828099,12,281,281,0.1907,0.1907,0.0,0.1907,0.8093
78,225510853934648922723071,12,207,196,0.0223,0.1855,0.43770000000000003,0.46,0.54
78,229720348027721225848997,12,191,169,0.0303,0.2275,0.3616,0.39189999999999997,0.6081000000000001
78,269554950481756387663421,12,200,197,0.0539,0.1108,0.1108,0.1647,0.8352999999999999
78,218634359465772079058039,12,301,301,0.4099,0.4099,0.0,0.4099,0.5901000000000001
78,275174413894042044548339,12,170,160,0.0004,0.0766,0.0766,0.077,0.923
78,227044182412455607637041,12,189,175,0.0104,0.0438,0.39470000000000005,0.40510000000000007,0.5949
78,293860302055502265901127,12,191,188,0.2072,0.1655,0.1655,0.37270000000000003,0.6273
78,197281452904322464150129,12,238,238,0.1986,0.1986,0.0,0.1986,0.8014
78,289921888914177265453949,12,212,192,0.0263,0.3354,0.5529,0.5791999999999999,0.42080000000000006
78,201978631399181100108553,12,135,135,0.5915,0.5915,0.0,0.5915,0.4085
78,259553885195803374411439,12,300,300,0.1769,0.1769,0.0,0.1769,0.8230999999999999
78,205453744869818059820383,12,154,137,0.1515,0.3472,0.3472,0.49870000000000003,0.5013
78,170435613433179790085407,12,163,159,0.2928,0.1178,0.1178,0.4106,0.5893999999999999
78,279656397131503454724533,12,139,139,0.5938,0.5938,0.0,0.5938,0.4062
78,202009986716143308333289,12,177,174,0.3903,0.2001,0.35209999999999997,0.7424,0.25760000000000005
78,197859495905870848565567,12,237,237,0.1412,0.1412,0.0,0.1412,0.8588
78,171360625388686063442767,12,280,280,0.1423,0.1423,0.0,0.1423,0.8577
78,294349493314726426175941,12,151,151,0.2887,0.2887,0.0,0.2887,0.7113
78,270920266882090601828449,12,244,211,0.1223,0.1828,0.6590999999999999,0.7813999999999999,0.21860000000000013
78,233025292111893966446849,12,123,123,0.5815,0.5815,0.0,0.5815,0.4185
79,432335727834888388721789,12,230,230,0.4246,0.4246,0.0,0.4246,0.5754
79,388595396717750261453849,12,192,192,0.6304,0.6304,0.0,0.6304,0.36960000000000004
79,476518599412106030425871,12,205,182,0.1265,0.1041,0.4522,0.5787,0.4213
79,596075820850060377597163,13,219,219,0.3324,0.3324,0.0,0.3324,0.6676
79,533093160171589809248491,13,176,176,0.1562,0.1562,0.0,0.1562,0.8438
79,465596497105278929883019,12,179,177,0.2172,0.2899,0.2899,0.5071,0.4929
79,460725090369319773882673,12,174,174,0.5154,0.5154,0.0,0.5154,0.48460000000000003
79,462950935058466829218217,12,196,196,0.1589,0.1589,0.0,0.1589,0.8411
79,480818122590398822276639,12,167,167,0.5375,0.5375,0.0,0.5375,0.4625
79,509059131251639797007833,13,191,191,0.43220000000000003,0.43220000000000003,0.0,0.43220000000000003,0.5678
79,431622300717749418070933,12,183,183,0.4822,0.4822,0.0,0.4822,0.5178
79,503565971605888146818257,12,257,224,0.0414,0.4071,0.6937,0.7351,0.2649
79,565032758207532191989613,13,235,235,0.1174,0.1174,0.0,0.1174,0.8826
79,515446295379888188680981,13,196,186,0.09620000000000001,0.2017,0.2017,0.2979,0.7021
79,586038299466944649981731,13,151,151,0.34219999999999995,0.34219999999999995,0.0,0.34219999999999995,0.6578
79,531099038624541324878419,13,203,194,0.2959,0.1027,0.1027,0.3986,0.6013999999999999
79,538566180562033376693263,13,218,195,0.3272,0.0952,0.2333,0.5605,0.4395
79,439876456252345294094447,12,193,190,0.0772,0.1975,0.1975,0.2747,0.7253000000000001
79,371483864361781601503573,12,172,172,0.4797,0.4797,0.0,0.4797,0.5203
79,547464045830772617697571,13,145,145,0.4158,0.4158,0.0,0.4158,0.5842
79,597050989289970892646261,13,177,175,0.3648,0.1286,0.1286,0.4934,0.5065999999999999
79,537637183160756057505977,13,163,149,0.0903,0.2682,0.2682,0.3585,0.6415
79,448513364411533760907653,12,200,200,0.3579,0.3579,0.0,0.3579,0.6421
79,437290147897490835872401,12,227,227,0.2346,0.2346,0.0,0.2346,0.7654
79,487775648211291991415041,12,251,232,0.213,0.0934,0.35219999999999996,0.5651999999999999,0.4348000000000001
79,551130204802951565473103,13,170,170,0.5393,0.5393,0.0,0.5393,0.4607
79,441241289532124415163421,12,193,193,0.5418,0.5418,0.0,0.5418,0.45820000000000005
79,400646737118509592806159,12,151,151,0.6164,0.6164,0.0,0.6164,0.38360000000000005
79,472548439212407428001057,12,171,171,0.6304,0.6304,0.0,0.6304,0.36960000000000004
79,472354952055415715458147,12,241,226,0.1825,0.2452,0.2452,0.42769999999999997,0.5723
79,458292371238208252707749,12,313,313,0.539,0.539,0.0,0.539,0.46099999999999997
79,476291734857328741935919,12,191,191,0.3663,0.3663,0.0,0.3663,0.6336999999999999
79,570264568006004653688861,13,133,133,0.1263,0.1263,0.0,0.1263,0.8737
79,543227143769772453347233,13,226,205,0.0339,0.3543,0.40950000000000003,0.4434,0.5566
79,483564104561763668874751,12,162,162,0.4101,0.4101,0.0,0.4101,0.5899
80,727980921095421735634639,13,179,179,0.322,0.322,0.0,0.322,0.6779999999999999
80,999299705236341849973117,13,263,263,0.4417,0.4417,0.0,0.4417,0.5583
80,1074891130451799991064153,13,171,159,0.26380000000000003,0.107,0.107,0.3708,0.6292
80,755387608191904259369591,13,261,255,0.3871,0.0489,0.2737,0.6608,0.33919999999999995
80,821938885440341486011099,13,156,156,0.4826,0.4826,0.0,0.4826,0.5174000000000001
80,912371175009830953972169,13,161,161,0.5237,0.5237,0.0,0.5237,0.47629999999999995
80,1017726323209134446084873,13,168,168,0.6969,0.6969,0.0,0.6969,0.30310000000000004
80,1143548099224234094089163,13,188,170,0.2678,0.2553,0.2553,0.5231,0.4769
80,1158424130823095012560813,13,171,171,0.8202,0.8202,0.0,0.8202,0.17979999999999996
80,1177357556199804924686359,13,159,158,0.2303,0.4436,0.4436,0.6738999999999999,0.32610000000000006
80,1008664059619317300748117,13,197,180,0.0658,0.3569,0.5547,0.6204999999999999,0.37950000000000006
80,773461869005698543628753,13,173,171,0.1902,0.219,0.219,0.4092,0.5908
80,691712506381891022614811,13,151,140,0.1847,0.1512,0.1512,0.3359,0.6641
80,1112842939592201008640971,13,174,174,0.3626,0.3626,0.0,0.3626,0.6374
80,1100356711164643235123759,13,207,192,0.23579999999999998,0.0796,0.1837,0.4195,0.5805
80,961493976214776900934133,13,164,164,0.4006,0.4006,0.0,0.4006,0.5993999999999999
80,1123301308343342816556277,13,164,164,0.5963,0.5963,0.0,0.5963,0.40369999999999995
80,951620844432766843692023,13,200,200,0.5938,0.5938,0.0,0.5938,0.4062
80,957343127856295120273171,13,193,193,0.511,0.511,0.0,0.511,0.489
80,1182245202702504589849003,13,251,227,0.1293,0.0968,0.6825,0.8118,0.18820000000000003
80,950144480828805615270553,13,216,216,0.1566,0.1566,0.0,0.1566,0.8434
80,740297033948827164968659,13,161,161,0.4096,0.4096,0.0,0.4096,0.5904
80,1118292011973543992765057,13,261,261,0.3593,0.3593,0.0,0.3593,0.6407
80,1158050449481415847698391,13,188,188,0.6158,0.6158,0.0,0.6158,0.3842
80,794576154759591794094313,13,187,187,0.3526,0.3526,0.0,0.3526,0.6474
80,1115166329652989714465411,13,188,188,0.4735,0.4735,0.0,0.4735,0.5265
80,1118964189633490179642209,13,176,176,0.3342,0.3342,0.0,0.3342,0.6658
80,1106087357457273391111411,13,134,134,0.3238,0.3238,0.0,0.3238,0.6762
80,859215548482454775973033,13,189,189,0.4162,0.4162,0.0,0.4162,0.5838
80,1079014849854655623446611,13,251,251,0.2961,0.2961,0.0,0.2961,0.7039
80,1173756740885335461540431,13,183,183,0.3583,0.3583,0.0,0.3583,0.6416999999999999
80,904814803259723232984277,13,194,194,0.3665,0.3665,0.0,0.3665,0.6335
80,776195027188749594732431,13,378,371,0.2884,0.0586,0.0586,0.347,0.653
80,1026339377004589589938567,13,145,145,0.6428,0.6428,0.0,0.6428,0.35719999999999996
80,1128843508914340442732543,13,275,271,0.2288,0.0638,0.0638,0.29259999999999997,0.7074
81,1872991258583955625436437,13,163,163,0.3704,0.3704,0.0,0.3704,0.6295999999999999
81,2369270520315966800720969,13,211,211,0.6635,0.6635,0.0,0.6635,0.3365
81,2161601648890772156994319,13,221,214,0.242,0.3294,0.36460000000000004,0.6066,0.39339999999999997
81,1908154541391152018101003,13,191,187,0.2883,0.3085,0.3085,0.5968,0.4032
81,1584450105063659675341117,13,160,148,0.0556,0.3438,0.6761999999999999,0.7317999999999999,0.2682000000000001
81,1546708949539728285460063,13,170,169,0.5211,0.1048,0.1048,0.6259,0.3741
81,2140546926631033077279559,13,235,235,0.6572,0.6572,0.0,0.6572,0.3428
81,2116279101131164655226797,13,240,227,0.2154,0.0948,0.20350000000000001,0.41890000000000005,0.5811
81,1956209244598698531735133,13,164,159,0.1957,0.1561,0.1561,0.3518,0.6482
81,2002228292646299991273829,13,159,159,0.3321,0.3321,0.0,0.3321,0.6678999999999999
81,1827935896223195162843741,13,237,227,0.1925,0.2752,0.3191,0.5116,0.48839999999999995
81,1932994348625138165867653,13,178,178,0.217,0.217,0.0,0.217,0.783
81,1665828398920508263549573,13,210,210,0.5439,0.5439,0.0,0.5439,0.45609999999999995
81,1537137676409661229490459,13,163,163,0.7117,0.7117,0.0,0.7117,0.2883
81,2271480674943614784486329,13,135,135,0.3373,0.3373,0.0,0.3373,0.6627000000000001
81,1829787500827391252581451,13,202,202,0.3923,0.3923,0.0,0.3923,0.6077
81,1916667907884225955595467,13,146,146,0.4957,0.4957,0.0,0.4957,0.5043
81,2299210199137146319612061,13,182,171,0.11629999999999999,0.1522,0.5272000000000001,0.6435000000000001,0.35649999999999993
81,2320522682131033635013951,13,175,175,0.178,0.178,0.0,0.178,0.8220000000000001
81,1737338046622942450362959,13,178,150,0.17099999999999999,0.1451,0.6103000000000001,0.7813000000000001,0.2186999999999999
81,2028121147096433669076487,13,180,167,0.0521,0.3169,0.3169,0.369,0.631
81,1977725051831423632581911,13,187,187,0.5619,0.5619,0.0,0.5619,0.43810000000000004
81,2256969303088819697471827,13,179,179,0.2639,0.2639,0.0,0.2639,0.7361
81,2385036433691408413913443,13,154,143,0.156,0.1801,0.548,0.7040000000000001,0.29599999999999993
81,1543582225260309918991777,13,168,146,0.0808,0.1268,0.5463,0.6271,0.3729
81,2369935547774725229711831,13,243,231,0.1178,0.3241,0.6763,0.7941,0.20589999999999997
81,2255777571984173452939153,13,170,165,0.3676,0.1157,0.1157,0.48329999999999995,0.5167
81,2117216202399633180475127,13,163,163,0.5676,0.5676,0.0,0.5676,0.4324
81,2015532739760378183078533,13,174,174,0.412,0.412,0.0,0.412,0.5880000000000001
81,2182111571910684698415671,13,191,191,0.4474,0.4474,0.0,0.4474,0.5526
81,1898546581596996939834587,13,165,165,0.6836,0.6836,0.0,0.6836,0.3164
81,2338210031645376099285559,13,231,187,0.0055000000000000005,0.3274,0.7709000000000001,0.7764000000000001,0.2235999999999999
81,1969603253299318683332731,13,198,198,0.3549,0.3549,0.0,0.3549,0.6451
81,1670699193490968504025273,13,222,211,0.1217,0.2444,0.2444,0.3661,0.6339
81,2315940501573173128179287,13,207,207,0.0703,0.0703,0.0,0.0703,0.9297
82,4806517800671064584847967,13,195,184,0.2949,0.279,0.279,0.5739000000000001,0.4260999999999999
82,4370524843012376653240133,13,217,213,0.4,0.3111,0.3111,0.7111000000000001,0.28889999999999993
82,4499505052062984143842517,13,193,193,0.5337,0.5337,0.0,0.5337,0.46630000000000005
82,4299199579833462501562213,13,179,162,0.1773,0.0938,0.212,0.3893,0.6107
82,2678384638536080289256141,13,223,199,0.062,0.196,0.7028,0.7647999999999999,0.23520000000000008
82,3525094328569269315502001,13,151,139,0.2592,0.522,0.522,0.7812,0.2188
82,3659261085972496241624393,13,199,199,0.25980000000000003,0.25980000000000003,0.0,0.25980000000000003,0.7402
82,4755475690604328422047171,13,323,323,0.3318,0.3318,0.0,0.3318,0.6682
82,4748129475417627923993071,13,196,150,0.0192,0.3765,0.8478000000000001,0.8670000000000001,0.1329999999999999
82,3847231227855131454463343,13,239,236,0.0374,0.1207,0.2072,0.24459999999999998,0.7554000000000001
82,3915590291245669194188941,13,208,208,0.1603,0.1603,0.0,0.1603,0.8397
82,4614242632281753585822563,13,222,222,0.2935,0.2935,0.0,0.2935,0.7065
82,4763465674936083465673093,13,184,184,0.5809,0.5809,0.0,0.5809,0.41910000000000003
82,4241157748556942333980151,13,230,198,0.0285,0.0723,0.413,0.4415,0.5585
82,4691703247158410148364079,13,215,206,0.2584,0.3437,0.3437,0.6021000000000001,0.3978999999999999
82,2575470066093724611214583,13,208,204,0.0602,0.0261,0.029500000000000002,0.0897,0.9103
82,3072585502173203923895393,13,179,179,0.5793,0.5793,0.0,0.5793,0.42069999999999996
82,4643207321795316483102181,13,331,325,0.0699,0.0754,0.1251,0.195,0.8049999999999999
82,3361896652340995801232063,13,223,223,0.7846,0.7846,0.0,0.7846,0.21540000000000004
82,3751063074223695093692173,13,237,237,0.4204,0.4204,0.0,0.4204,0.5796
82,3907067096595154729825219,13,231,228,0.1127,0.2683,0.2683,0.381,0.619
82,3949488633331504479816001,13,231,200,0.1515,0.1518,0.6775999999999999,0.8290999999999998,0.17090000000000016
82,4702045077712814099115943,13,198,198,0.2639,0.2639,0.0,0.2639,0.7361
82,3194692237484637427820213,13,223,203,0.3242,0.1879,0.1879,0.5121,0.4879
82,3347512762532459025668159,13,258,235,0.2978,0.1459,0.146,0.4438,0.5562
82,4467049122372975339599213,13,199,186,0.1454,0.2607,0.3596,0.505,0.495
82,3140932114112188077110537,13,380,346,0.09620000000000001,0.1724,0.6597,0.7559,0.24409999999999998
82,2899716660512572995784133,13,218,218,0.2297,0.2297,0.0,0.2297,0.7703
82,4412381718848039584532303,13,215,215,0.2533,0.2533,0.0,0.2533,0.7466999999999999
82,4376240487949498858573171,13,234,234,0.46,0.46,0.0,0.46,0.54
82,3233440472416944036368609,13,212,201,0.1033,0.1816,0.1816,0.28490000000000004,0.7151
82,2636449742242442803250159,13,209,209,0.3954,0.3954,0.0,0.3954,0.6046
82,4080464590359645964232131,13,187,187,0.5384,0.5384,0.0,0.5384,0.4616
82,3815099135079501474211711,13,345,335,0.018699999999999998,0.1574,0.7020000000000001,0.7207000000000001,0.2792999999999999
82,2454604782486712431450827,13,188,166,0.1881,0.5997,0.5997,0.7878000000000001,0.21219999999999994
83,7660553765094180330908503,13,181,181,0.5863,0.5863,0.0,0.5863,0.41369999999999996
83,7181994895934708557476191,13,188,188,0.471,0.471,0.0,0.471,0.529
83,8592341651377513219627433,13,143,143,0.2151,0.2151,0.0,0.2151,0.7848999999999999
83,8207879534643575773223233,13,227,227,0.5746,0.5746,0.0,0.5746,0.4254
83,8933958847961343741876839,13,190,179,0.0946,0.0743,0.0743,0.1689,0.8311
83,7775166760402308402235109,13,190,190,0.6587,0.6587,0.0,0.6587,0.34130000000000005
83,5673372068288961158841611,13,332,285,0.0213,0.0617,0.38509999999999994,0.40639999999999993,0.5936000000000001
83,5114057867748875338101899,13,217,217,0.3331,0.3331,0.0,0.3331,0.6669
83,7280645957583435036447389,13,261,231,0.0154,0.1549,0.6036,0.619,0.381
83,7774832292195506869039447,13,258,258,0.3149,0.3149,0.0,0.3149,0.6851
83,7216755987183395253118997,13,218,218,0.2281,0.2281,0.0,0.2281,0.7719
83,6193930188567262981772521,13,160,160,0.4715,0.4715,0.0,0.4715,0.5285
83,7228972526911794462736223,13,288,284,0.1255,0.1694,0.39890000000000003,0.5244,0.4756
83,6359285697472223796636907,13,239,231,0.2213,0.3951,0.3951,0.6164000000000001,0.38359999999999994
83,9030991476360392883345979,13,243,243,0.563,0.563,0.0,0.563,0.43700000000000006
83,8210036765780715565668029,13,218,218,0.4951,0.4951,0.0,0.4951,0.5049
83,9661820929014473019839881,13,187,176,0.3268,0.1535,0.2336,0.5604,0.4396
83,6406227385218873454898807,13,291,288,0.1969,0.0443,0.0443,0.2412,0.7588
83,9578529344167261117774597,13,183,183,0.3993,0.3993,0.0,0.3993,0.6007
83,8189124285251883969633893,13,291,291,0.3735,0.3735,0.0,0.3735,0.6265000000000001
83,8819775121345680517266229,13,172,172,0.5303,0.5303,0.0,0.5303,0.4697
83,8045334304027917361415749,13,198,180,0.0886,0.452,0.5258,0.6144000000000001,0.38559999999999994
83,9644443920963755531613203,13,221,221,0.1409,0.1409,0.0,0.1409,0.8591
83,6706250775962456122697333,13,153,146,0.4115,0.3695,0.3695,0.7809999999999999,0.21900000000000008
83,8467407664141842959928529,13,164,164,0.624,0.624,0.0,0.624,0.376
83,9578568104801958981120043,13,239,239,0.543,0.543,0.0,0.543,0.45699999999999996
83,8750034901568733423521561,13,180,180,0.4211,0.4211,0.0,0.4211,0.5789
83,8615758663061925203283437,13,187,187,0.3772,0.3772,0.0,0.3772,0.6228
83,8405824191645542708150789,13,329,325,0.2974,0.1285,0.1285,0.4259,0.5741
83,8851886499624532715804953,13,185,175,0.1557,0.2755,0.2755,0.4312,0.5688
83,9501915252888929962499809,13,192,192,0.2716,0.2716,0.0,0.2716,0.7283999999999999
83,9620670569363507044631593,13,196,196,0.5226,0.5226,0.0,0.5226,0.47740000000000005
83,8057535481747790856629011,13,224,224,0.1831,0.1831,0.0,0.1831,0.8169
83,6486108918371378987666957,13,226,181,0.0022,0.093,0.6214,0.6235999999999999,0.37640000000000007
83,5082018832169981515041799,13,185,165,0.0457,0.1001,0.21499999999999997,0.2607,0.7393000000000001
84,16400573279788105277145559,13,222,222,0.1732,0.1732,0.0,0.1732,0.8268
84,13309514371032144175502531,13,234,208,0.11510000000000001,0.2069,0.5055,0.6205999999999999,0.37940000000000007
84,16410563163396976211439533,13,174,174,0.3778,0.3778,0.0,0.3778,0.6222
84,17842748090858783695508201,13,179,167,0.13470000000000001,0.0823,0.5851,0.7198,0.2802
84,18447443009680311990884021,13,240,240,0.2733,0.2733,0.0,0.2733,0.7267
84,19195085990750616673678207,13,182,182,0.1433,0.1433,0.0,0.1433,0.8567
84,12200879224017609197429053,13,199,186,0.1929,0.1862,0.2484,0.4413,0.5587
84,15975510196726953291001783,13,214,214,0.1997,0.1997,0.0,0.1997,0.8003
84,16330888765977068252859749,13,190,190,0.0373,0.0373,0.0,0.0373,0.9627
84,16919013871566598305565087,13,197,176,0.0676,0.302,0.74,0.8076,0.19240000000000002
84,12548450565390120313677421,13,221,201,0.0032,0.2188,0.5718,0.575,0.42500000000000004
84,18674918363986918040571709,13,187,187,0.6012,0.6012,0.0,0.6012,0.39880000000000004
84,19011318311975573745043009,13,225,222,0.1799,0.2615,0.2615,0.4414,0.5586
84,19241795849277284438760833,13,248,239,0.1675,0.3414,0.3414,0.5089,0.4911
84,18314677914834211745568533,13,228,219,0.0817,0.1203,0.1203,0.202,0.798
84,17624520095166107776198061,13,239,239,0.2253,0.2253,0.0,0.2253,0.7746999999999999
84,13156949447308569252968327,13,244,219,0.0677,0.2124,0.5512,0.6189,0.3811
84,16563192051874910894541863,13,182,178,0.4908,0.0664,0.0664,0.5572,0.44279999999999997
84,14483700899128107529414127,13,214,214,0.5021,0.5021,0.0,0.5021,0.4979
84,18929998037379588571013801,13,203,195,0.0549,0.1154,0.1154,0.1703,0.8297
84,15166931809341576120603919,13,357,357,0.2481,0.2481,0.0,0.2481,0.7519
84,17428104817436351379248863,13,250,250,0.5815,0.5815,0.0,0.5815,0.4185
84,17577421287986128255082311,13,197,194,0.104,0.0889,0.0889,0.19290000000000002,0.8070999999999999
84,18215663189242282927747511,13,185,185,0.4773,0.4773,0.0,0.4773,0.5226999999999999
84,16326340062338158076934893,13,319,319,0.1334,0.1334,0.0,0.1334,0.8666
84,16272497549837219890632439,13,214,214,0.0882,0.0882,0.0,0.0882,0.9117999999999999
84,18685725866734636374435671,13,233,221,0.19,0.0673,0.32420000000000004,0.5142,0.4858
84,19188717858670139220363829,13,184,184,0.3724,0.3724,0.0,0.3724,0.6275999999999999
84,19120239682399279130096209,13,216,216,0.3374,0.3374,0.0,0.3374,0.6626000000000001
84,15906141883176567143464703,13,210,210,0.3179,0.3179,0.0,0.3179,0.6820999999999999
84,17460384702082394630052779,13,173,173,0.7264,0.7264,0.0,0.7264,0.27359999999999995
84,17570983424451176544196513,13,205,205,0.2975,0.2975,0.0,0.2975,0.7025
84,11441021752987482078144457,13,336,336,0.441,0.441,0.0,0.441,0.5589999999999999
84,16458572656382936962571371,13,131,131,0.1948,0.1948,0.0,0.1948,0.8052
84,13241330380010269196745167,13,227,221,0.0636,0.0221,0.17520000000000002,0.2388,0.7612
85,35677592090561664473551003,13,211,194,0.2045,0.032,0.30829999999999996,0.5127999999999999,0.4872000000000001
85,37021644016904752077542951,13,299,283,0.0639,0.1654,0.5045999999999999,0.5684999999999999,0.4315000000000001
85,24983366300378633568523841,13,179,179,0.3304,0.3304,0.0,0.3304,0.6696
85,26830488770902493684143393,13,195,195,0.3546,0.3546,0.0,0.3546,0.6454
85,37047005970032286242937911,13,200,185,0.17,0.2306,0.2306,0.4006,0.5993999999999999
85,26587041259305247547495953,13,232,232,0.3385,0.3385,0.0,0.3385,0.6615
85,23118145435179047024629609,13,318,279,0.0288,0.2784,0.6262000000000001,0.6550000000000001,0.34499999999999986
85,36326479707503580831347347,13,256,232,0.004,0.4102,0.42690000000000006,0.43090000000000006,0.5690999999999999
85,35519108641467997888037471,13,203,203,0.1846,0.1846,0.0,0.1846,0.8154
85,36180248972758567156747513,13,255,254,0.4781,0.0334,0.0334,0.5115000000000001,0.48849999999999993
85,31138958622210869672454781,13,164,164,0.4572,0.4572,0.0,0.4572,0.5428
85,25519777147389454048372459,13,216,216,0.3774,0.3774,0.0,0.3774,0.6226
85,33952307261948019522331931,13,188,188,0.5108,0.5108,0.0,0.5108,0.48919999999999997
85,28321523743112805605892299,13,173,173,0.5134,0.5134,0.0,0.5134,0.48660000000000003
85,31063934514307503540565297,13,361,351,0.2174,0.1038,0.43570000000000003,0.6531,0.3469
85,24661997817271846437710683,13,184,184,0.4383,0.4383,0.0,0.4383,0.5617
85,27484339001189066478657589,13,167,167,0.3755,0.3755,0.0,0.3755,0.6245
85,28632471622149914529757793,13,189,189,0.2336,0.2336,0.0,0.2336,0.7664
85,32019434700474003529777243,13,200,190,0.2084,0.1416,0.1416,0.35,0.65
85,35860934175028208363527667,13,214,214,0.4697,0.4697,0.0,0.4697,0.5303
85,29016044515008722089540987,13,170,162,0.3762,0.4786,0.4786,0.8548,0.1452
85,28498268887979871821805229,13,278,277,0.2493,0.0664,0.0664,0.3157,0.6843
85,35053465174456955115841417,13,212,209,0.0338,0.2603,0.363,0.3968,0.6032
85,24412485806122091770359263,13,220,220,0.4309,0.4309,0.0,0.4309,0.5690999999999999
85,32985792314769577039709677,13,200,200,0.3065,0.3065,0.0,0.3065,0.6935
85,35413866791116807301974759,13,197,197,0.8449,0.8449,0.0,0.8449,0.15510000000000002
85,32192436561599317746403547,13,200,177,0.0607,0.2161,0.675,0.7357,0.2643
85,33762915262752986552064731,13,309,309,0.2671,0.2671,0.0,0.2671,0.7329
85,38498862128923326059840921,13,219,211,0.1812,0.1085,0.22160000000000002,0.40280000000000005,0.5972
85,34182903539225697092165011,13,180,176,0.2313,0.0887,0.12179999999999999,0.35309999999999997,0.6469
85,33176334193720267391132129,13,200,188,0.0536,0.2899,0.6462,0.6998,0.3002
85,36889892075508472832996533,13,179,179,0.0769,0.0769,0.0,0.0769,0.9231
85,38147673940416809828524099,13,198,198,0.39380000000000004,0.39380000000000004,0.0,0.39380000000000004,0.6062
85,37235386646505072523132007,13,154,154,0.6918,0.6918,0.0,0.6918,0.30820000000000003
85,33377853962046608365960171,13,247,247,0.1305,0.1305,0.0,0.1305,0.8694999999999999
86,76097239588422572641601393,13,188,175,0.1945,0.2236,0.2236,0.4181,0.5819
86,74690044706303585212316683,13,208,208,0.4352,0.4352,0.0,0.4352,0.5648
86,57434260099697632465735403,13,278,264,0.2183,0.1972,0.5264,0.7446999999999999,0.2553000000000001
86,66038706061453877643623987,13,224,224,0.4079,0.4079,0.0,0.4079,0.5921000000000001
86,67996957335344149541612269,13,213,211,0.3445,0.0426,0.0426,0.3871,0.6129
86,76315061102402216801077369,13,281,273,0.2442,0.3229,0.3229,0.5671,0.43289999999999995
86,56020296522938650280940983,13,249,224,0.1391,0.385,0.4286,0.5677,0.4323
86,40302015342630441464040209,13,189,178,0.0233,0.0419,0.0419,0.06520000000000001,0.9348
86,66315739844559885143547689,13,199,199,0.3426,0.3426,0.0,0.3426,0.6574
86,77111602806080058896333131,13,138,138,0.6704,0.6704,0.0,0.6704,0.3296
86,53747002854573267820968623,13,210,210,0.1939,0.1939,0.0,0.1939,0.8061
86,48386863249231074366691229,13,222,199,0.105,0.2206,0.6878,0.7928,0.20720000000000005
86,65807422437459836254227059,13,363,363,0.5256,0.5256,0.0,0.5256,0.47440000000000004
86,46101177351806111601341287,13,147,147,0.1845,0.1845,0.0,0.1845,0.8155
86,63576400562413241562493549,13,227,227,0.6791,0.6791,0.0,0.6791,0.32089999999999996
86,74727527383350335626314043,13,141,141,0.3045,0.3045,0.0,0.3045,0.6955
86,69783349987396834245837197,13,220,209,0.0017,0.0892,0.2324,0.2341,0.7659
86,72079344360487061337009623,13,199,199,0.3455,0.3455,0.0,0.3455,0.6545000000000001
86,72159300696921791444905087,13,176,176,0.3123,0.3123,0.0,0.3123,0.6877
86,72777059565028836279912977,13,210,210,0.6363,0.6363,0.0,0.6363,0.3637
86,76720489498693304336784157,13,152,152,0.4911,0.4911,0.0,0.4911,0.5089
86,60884400225155287697234849,13,218,218,0.5615,0.5615,0.0,0.5615,0.4385
86,55946620531438190395537159,13,174,174,0.2626,0.2626,0.0,0.2626,0.7374
86,51487839717780305639022943,13,291,290,0.4713,0.1347,0.1347,0.606,0.394
86,76742846357008487885419889,13,275,259,0.11889999999999999,0.1169,0.5939,0.7128,0.2872
86,74064046553987946721700527,13,226,216,0.1789,0.2267,0.3078,0.4867,0.5133
86,62571737588598756557724469,13,372,367,0.2357,0.0716,0.0716,0.3073,0.6927
86,72525753484836220748930633,13,204,204,0.4215,0.4215,0.0,0.4215,0.5785
86,66263571456088198255955251,13,198,198,0.14,0.14,0.0,0.14,0.86
86,66450019916280502345762609,13,180,166,0.2253,0.0845,0.0845,0.3098,0.6901999999999999
86,48043923664147082413620911,13,191,191,0.3981,0.3981,0.0,0.3981,0.6019
86,65489342900116631737290629,13,308,308,0.5125,0.5125,0.0,0.5125,0.48750000000000004
86,67800715858964541647705879,13,218,195,0.1215,0.2718,0.3927,0.5142,0.4858
86,67366626287946895365762931,13,273,216,0.0347,0.2023,0.5789,0.6135999999999999,0.3864000000000001
86,66078146674795269990698599,13,167,167,0.3811,0.3811,0.0,0.3811,0.6189
87,128354526211728211097398793,13,237,233,0.484,0.3121,0.3121,0.7961,0.20389999999999997
87,143928571526091357034711853,13,326,326,0.4216,0.4216,0.0,0.4216,0.5784
87,140259609313015164401544487,13,157,157,0.3414,0.3414,0.0,0.3414,0.6586000000000001
87,88675727371751130380957809,13,160,160,0.5,0.5,0.0,0.5,0.5
87,95742693254739599640480361,13,260,260,0.5335,0.5335,0.0,0.5335,0.4665
87,142878013457125888346681461,13,202,202,0.521,0.521,0.0,0.521,0.479
87,138880558250682478354699607,13,330,330,0.2628,0.2628,0.0,0.2628,0.7372000000000001
87,123288515125510228665929111,13,198,196,0.101,0.1114,0.1114,0.2124,0.7876
87,83923710696370399179047993,13,231,231,0.5976,0.5976,0.0,0.5976,0.4024
87,81395313166398945547626809,13,356,356,0.2957,0.2957,0.0,0.2957,0.7042999999999999
87,102196793626163094486040601,13,265,238,0.0194,0.4126,0.7183,0.7377,0.2623
87,150865936476471991212114869,13,184,180,0.0741,0.244,0.244,0.3181,0.6819
87,86577779394678769087967471,13,252,244,0.138,0.2838,0.3001,0.4381,0.5619000000000001
87,149716834349732348852034571,13,205,202,0.1592,0.2613,0.2613,0.4205,0.5795
87,142480920486620459545696369,13,154,154,0.3638,0.3638,0.0,0.3638,0.6362
87,113985093377581831297517033,13,214,214,0.24230000000000002,0.24230000000000002,0.0,0.24230000000000002,0.7577
87,149775315216638216025350987,13,239,207,0.0712,0.1368,0.5722000000000002,0.6434000000000002,0.3565999999999998
87,94319352167337030647816131,13,211,211,0.2219,0.2219,0.0,0.2219,0.7781
87,99488270705181609035832109,13,227,196,0.0997,0.1071,0.5624,0.6621,0.3379
87,142811783896015842403436587,13,280,247,0.1093,0.132,0.7069000000000001,0.8162,0.18379999999999996
87,122951455090905661712898689,13,214,197,0.0815,0.339,0.48640000000000005,0.5679000000000001,0.43209999999999993
87,103022645041173692473838249,13,193,193,0.426,0.426,0.0,0.426,0.5740000000000001
87,134572208236467034510370821,13,245,245,0.0909,0.0909,0.0,0.0909,0.9091
87,125446083723232883529522047,13,264,257,0.1271,0.1101,0.30169999999999997,0.42879999999999996,0.5712
87,95594112429004085788604357,13,155,155,0.3294,0.3294,0.0,0.3294,0.6706
87,134407576030913664397468699,13,204,190,0.4154,0.156,0.156,0.5714,0.4286
87,100602239966369886654774551,13,214,197,0.1246,0.3585,0.42919999999999997,0.5538,0.44620000000000004
87,151533489285494675493612593,13,220,195,0.0282,0.0566,0.2402,0.26839999999999997,0.7316
87,114327718256361591381761593,13,207,197,0.1058,0.1031,0.357,0.4628,0.5372
87,135944763288541643778165679,13,237,237,0.0636,0.0636,0.0,0.0636,0.9364
87,139337918301200979196696721,13,200,188,0.2816,0.1477,0.1477,0.4293,0.5707
87,125006629546151737894314307,13,195,195,0.5074,0.5074,0.0,0.5074,0.49260000000000004
87,124795319164598603974977619,13,192,192,0.5544,0.5544,0.0,0.5544,0.4456
87,130602079543799109422706289,13,268,254,0.0573,0.1309,0.1309,0.18819999999999998,0.8118000000000001
87,143291667306205016540356099,13,194,194,0.1243,0.1243,0.0,0.1243,0.8757
88,302605009536469226814246757,14,194,194,0.1382,0.1382,0.0,0.1382,0.8618
88,249101694268458766430558381,14,218,218,0.5546,0.5546,0.0,0.5546,0.4454
88,257110169040111254089859957,14,175,175,0.321,0.321,0.0,0.321,0.679
88,277576681836286814910925823,14,249,249,0.3736,0.3736,0.0,0.3736,0.6264000000000001
88,204436018912062560069943971,14,193,186,0.3653,0.221,0.221,0.5863,0.41369999999999996
88,221419685397938731283642507,14,184,171,0.0181,0.1686,0.264,0.2821,0.7179
88,269186437577783300158371707,14,238,231,0.24259999999999998,0.1066,0.1066,0.34919999999999995,0.6508
88,301527970602493929450122557,14,212,212,0.4856,0.4856,0.0,0.4856,0.5144
88,255005248340605376211651037,14,244,244,0.4966,0.4966,0.0,0.4966,0.5034000000000001
88,296437330214122432587915109,14,206,206,0.4869,0.4869,0.0,0.4869,0.5131
88,210798894679282994258858617,14,220,218,0.4067,0.0885,0.0885,0.4952,0.5048
88,274391474613809591911960091,14,223,207,0.173,0.2985,0.47150000000000003,0.6445000000000001,0.3554999999999999
88,239424155021769478706624467,14,158,158,0.7346,0.7346,0.0,0.7346,0.26539999999999997
88,292064542887811630398094697,14,323,295,0.0077,0.3465,0.7716,0.7793,0.2207
88,254956505556812161890094837,14,229,229,0.2973,0.2973,0.0,0.2973,0.7027
88,267372701283878930750409143,14,209,209,0.368,0.368,0.0,0.368,0.632
88,292995395887089810581801461,14,195,189,0.2386,0.0794,0.0794,0.318,0.6819999999999999
88,293154225315420008577737233,14,251,251,0.4628,0.4628,0.0,0.4628,0.5372
88,206767656210526459828429187,14,276,265,0.13140000000000002,0.0635,0.0635,0.19490000000000002,0.8050999999999999
88,265493471203955271177567983,14,178,155,0.0931,0.1741,0.4783,0.5714,0.4286
88,302223385869625270927091669,14,198,191,0.2599,0.087,0.087,0.3469,0.6531
88,301241524761344388158919109,14,163,163,0.2335,0.2335,0.0,0.2335,0.7665
88,280027810128937881829757321,14,234,217,0.3336,0.1102,0.29500000000000004,0.6286,0.37139999999999995
88,156363676803960464847266689,14,264,264,0.1664,0.1664,0.0,0.1664,0.8336
88,246503306403019998438211877,14,199,178,0.0522,0.0951,0.0951,0.14730000000000001,0.8527
88,299229934783448476071086309,14,174,173,0.3081,0.0426,0.0426,0.3507,0.6493
88,284443831833200228842185469,14,163,163,0.3959,0.3959,0.0,0.3959,0.6041000000000001
88,277597710288538252576166081,14,152,152,0.7193,0.7193,0.0,0.7193,0.28069999999999995
88,180547342006454142477468211,14,160,160,0.3032,0.3032,0.0,0.3032,0.6968
88,283590164860112892428670097,14,300,300,0.1201,0.1201,0.0,0.1201,0.8799
88,290640119397019000168584839,14,404,387,0.2016,0.3069,0.4065,0.6081,0.3919
88,211284543522613610063399069,14,249,206,0.1174,0.1186,0.6069,0.7242999999999999,0.27570000000000006
88,219891677857372289909912119,14,192,191,0.0812,0.0633,0.0633,0.1445,0.8555
88,280315558244734661996498551,14,255,243,0.1572,0.0752,0.22160000000000002,0.3788,0.6212
88,284054032114756385181417097,14,235,216,0.0201,0.0395,0.16790000000000002,0.18800000000000003,0.8119999999999999
89,556313151345169714765064777,14,256,231,0.205,0.3959,0.41629999999999995,0.6213,0.37870000000000004
89,616014076404267875367814871,14,213,213,0.2904,0.2904,0.0,0.2904,0.7096
89,537505978769192766703281427,14,225,219,0.2044,0.1762,0.2798,0.48419999999999996,0.5158
89,466924687144191734820323593,14,236,219,0.0467,0.5274,0.5337999999999999,0.5804999999999999,0.4195000000000001
89,551623492414871192053890371,14,215,215,0.2796,0.2796,0.0,0.2796,0.7203999999999999
89,508898312091413067316308577,14,179,179,0.3387,0.3387,0.0,0.3387,0.6613
89,433080554543065082270870299,14,180,171,0.1512,0.1551,0.41859999999999997,0.5698,0.4302
89,377876262020896127549777533,14,278,273,0.1973,0.1683,0.1683,0.36560000000000004,0.6344
89,555477389384568601240927919,14,289,289,0.5707,0.5707,0.0,0.5707,0.4293
89,616596637490301856294371371,14,206,206,0.277,0.277,0.0,0.277,0.723
89,557105074096526325637592891,14,197,197,0.2387,0.2387,0.0,0.2387,0.7613
89,491863191113322446896958437,14,274,268,0.2983,0.1364,0.185,0.4833,0.5166999999999999
89,492041224848781570867365379,14,299,299,0.2936,0.2936,0.0,0.2936,0.7063999999999999
89,559521509805423251541258767,14,219,219,0.5907,0.5907,0.0,0.5907,0.4093
89,604834583696873237676155269,14,287,287,0.5692,0.5692,0.0,0.5692,0.43079999999999996
89,532354377028296379597187143,14,295,295,0.2079,0.2079,0.0,0.2079,0.7921
89,521600757275716661735676487,14,187,166,0.1419,0.1008,0.2397,0.3816,0.6184000000000001
89,362948666451998391382108327,14,311,311,0.1602,0.1602,0.0,0.1602,0.8398
89,546392607518220926656837957,14,199,191,0.3518,0.1815,0.1815,0.5333,0.4667
89,517882355726954082530314447,14,161,161,0.4305,0.4305,0.0,0.4305,0.5695
89,614090367995156906948615707,14,321,314,0.2604,0.2353,0.2353,0.49570000000000003,0.5043
89,446084570575798191090006937,14,208,208,0.5934,0.5934,0.0,0.5934,0.40659999999999996
89,510303473685171834799895773,14,224,223,0.2428,0.0698,0.0698,0.3126,0.6874
89,328052256777475454398077637,14,168,168,0.3183,0.3183,0.0,0.3183,0.6817
89,513374880675801126173226157,14,240,219,0.0539,0.1748,0.4234,0.4773,0.5226999999999999
89,533589401388573282084246757,14,217,212,0.4354,0.2076,0.2076,0.643,0.357
89,534883416901067760266782897,14,267,253,0.0496,0.0473,0.0664,0.11599999999999999,0.884
89,612053087045922414315512597,14,215,203,0.2072,0.2617,0.2617,0.4689,0.5311
89,448543413081928328160746371,14,303,303,0.4677,0.4677,0.0,0.4677,0.5323
89,575961581823670672257048691,14,150,150,0.5938,0.5938,0.0,0.5938,0.4062
89,414928619585532106358371007,14,191,191,0.4339,0.4339,0.0,0.4339,0.5661
89,457743740293102931861169607,14,187,187,0.6029,0.6029,0.0,0.6029,0.3971
89,391557309306459547297570877,14,237,210,0.0929,0.1667,0.1667,0.2596,0.7404
89,412200831536660674533574469,14,249,229,0.0798,0.0372,0.6428000000000001,0.7226000000000001,0.27739999999999987
89,599583536521767795339996889,14,197,195,0.0843,0.0385,0.0385,0.12279999999999999,0.8772
90,1145080858674771330432497521,14,338,308,0.006,0.0571,0.5824,0.5884,0.41159999999999997
90,784564702027093461652323157,14,163,162,0.3591,0.2316,0.2316,0.5907,0.4093
90,705695838218313744227301131,14,138,138,0.3085,0.3085,0.0,0.3085,0.6915
90,1103165917972541890895997743,14,255,255,0.4469,0.4469,0.0,0.4469,0.5530999999999999
90,1076581224954550166601454531,14,252,242,0.1538,0.1461,0.27559999999999996,0.42939999999999995,0.5706
90,776656626094614736558382587,14,188,188,0.5981,0.5981,0.0,0.5981,0.40190000000000003
90,1001717826690630957509990029,14,173,168,0.4141,0.1779,0.1779,0.5920000000000001,0.4079999999999999
90,1107439879208732020973636471,14,183,183,0.3888,0.3888,0.0,0.3888,0.6112
90,1158190675779205311736042283,14,168,168,0.4902,0.4902,0.0,0.4902,0.5098
90,1161428625239623052990750251,14,238,238,0.2546,0.2546,0.0,0.2546,0.7454000000000001
90,916902436849656595849573399,14,309,309,0.6202,0.6202,0.0,0.6202,0.3798
90,1176492153997289625250652369,14,165,165,0.525,0.525,0.0,0.525,0.475
90,1031184152498395061393909573,14,181,181,0.0971,0.0971,0.0,0.0971,0.9029
90,975524961072075382396239499,14,175,175,0.5786,0.5786,0.0,0.5786,0.4214
90,1118311651986528027470271629,14,172,172,0.2475,0.2475,0.0,0.2475,0.7525
90,923332025836895657170531799,14,290,290,0.5331,0.5331,0.0,0.5331,0.4669
90,919462323304077299471276459,14,178,164,0.1987,0.1313,0.1508,0.3495,0.6505000000000001
90,908634892530816819679448597,14,207,207,0.617,0.617,0.0,0.617,0.383
90,1069282087779851628507249653,14,194,194,0.2928,0.2928,0.0,0.2928,0.7072
90,1229244448194995660433691109,14,183,171,0.3588,0.2537,0.2537,0.6125,0.38749999999999996
90,1195480600788368523656050217,14,172,172,0.2314,0.2314,0.0,0.2314,0.7686
90,977929260060709285702843033,14,273,257,0.11410000000000001,0.031,0.2663,0.38039999999999996,0.6196
90,1130093197628916876364863481,14,183,182,0.1787,0.1355,0.1355,0.31420000000000003,0.6858
90,921816486982241853702689023,14,232,232,0.2056,0.2056,0.0,0.2056,0.7944
90,1006236069385862547559948463,14,264,264,0.1564,0.1564,0.0,0.1564,0.8436
90,1217050564942309149287895601,14,200,176,0.109,0.1512,0.5729,0.6819,0.31810000000000005
90,1145178476937375957857190989,14,241,227,0.1433,0.1884,0.34950000000000003,0.4928,0.5072
90,1041918948156088171930415293,14,223,223,0.3065,0.3065,0.0,0.3065,0.6935
90,1174578348710659690160546123,14,209,209,0.5385,0.5385,0.0,0.5385,0.4615
90,1234390516230495462704884829,14,236,230,0.0417,0.038,0.038,0.0797,0.9203
90,961662792746788331579191039,14,280,269,0.3076,0.2595,0.35869999999999996,0.6662999999999999,0.3337000000000001
90,1019487383853843965381412643,14,303,303,0.1868,0.1868,0.0,0.1868,0.8132
90,1143900142281374752281008641,14,177,177,0.3723,0.3723,0.0,0.3723,0.6276999999999999
90,1191964000877242332466940771,14,230,230,0.372,0.372,0.0,0.372,0.628
90,853799844649928712526685887,14,289,288,0.4229,0.113,0.113,0.5359,0.46409999999999996
91,2473489154015804209943535191,14,174,174,0.2946,0.2946,0.0,0.2946,0.7054
91,1949131500419906960888718397,14,231,231,0.4264,0.4264,0.0,0.4264,0.5736
91,1714559920374564690932906197,14,159,159,0.6193,0.6193,0.0,0.6193,0.38070000000000004
91,1917064473360992920970870453,14,215,201,0.1051,0.2495,0.5567,0.6617999999999999,0.33820000000000006
91,2277178122552040391358453523,14,215,215,0.3145,0.3145,0.0,0.3145,0.6855
91,2319693580866038742791188523,14,222,222,0.3616,0.3616,0.0,0.3616,0.6384000000000001
91,1759029984074324742545018747,14,202,202,0.1769,0.1769,0.0,0.1769,0.8230999999999999
91,2232307987215828298026815063,14,178,178,0.1495,0.1495,0.0,0.1495,0.8505
91,1603083141561667731413094359,14,189,174,0.1579,0.24,0.24,0.39790000000000003,0.6021
91,1745257415315529525278662993,14,202,199,0.3248,0.1122,0.30479999999999996,0.6295999999999999,0.37040000000000006
91,1500262549738123185285954601,14,261,234,0.0295,0.2006,0.3661,0.39559999999999995,0.6044
91,2220127888532584796600418203,14,255,255,0.3693,0.3693,0.0,0.3693,0.6307
91,2387596202803172146107545177,14,200,192,0.5454,0.0477,0.20090000000000002,0.7463,0.25370000000000004
91,1710043689064810611598793983,14,234,225,0.0609,0.0933,0.17830000000000001,0.23920000000000002,0.7607999999999999
91,2249234333543859149514914509,14,240,240,0.4687,0.4687,0.0,0.4687,0.5313
91,2339415938516819475173223553,14,174,174,0.3629,0.3629,0.0,0.3629,0.6371
91,2250572837236187522254478567,14,206,206,0.0314,0.0314,0.0,0.0314,0.9686
91,1909933003674241768242818251,14,247,239,0.3939,0.2202,0.2202,0.6141,0.3859
91,1840001938621409099204686373,14,191,191,0.4584,0.4584,0.0,0.4584,0.5416000000000001
91,1671990117856660187217493259,14,212,212,0.0982,0.0982,0.0,0.0982,0.9018
91,2350784473167909233911181573,14,219,219,0.1592,0.1592,0.0,0.1592,0.8408
91,2368375231684874965253444089,14,209,188,0.1182,0.3021,0.5056999999999999,0.6238999999999999,0.3761000000000001
91,1736700120818517234538775927,14,260,260,0.2626,0.2626,0.0,0.2626,0.7374
91,1521516516917453697695241647,14,241,241,0.3782,0.3782,0.0,0.3782,0.6218
91,2401703440333899919320255433,14,208,208,0.219,0.219,0.0,0.219,0.781
91,2159753971817826994558556651,14,292,292,0.4925,0.4925,0.0,0.4925,0.5075000000000001
91,2410559979294826685932624021,14,284,284,0.2036,0.2036,0.0,0.2036,0.7964
91,2129875211971218424555828061,14,437,411,0.1063,0.3822,0.4975,0.6038,0.3962
91,1628258612355084276176400023,14,207,205,0.1859,0.5742,0.5742,0.7601,0.2399
91,2172063955119918657864038723,14,268,268,0.1649,0.1649,0.0,0.1649,0.8351
91,2003549282855068228940715301,14,189,189,0.0798,0.0798,0.0,0.0798,0.9202
91,2037881867406453519731617849,14,186,186,0.3253,0.3253,0.0,0.3253,0.6747000000000001
91,1574984397523342773303541903,14,233,233,0.4621,0.4621,0.0,0.4621,0.5379
91,2337302371077330306171782681,14,240,238,0.2512,0.1235,0.1235,0.3747,0.6253
91,2233060575091183364713921499,14,210,210,0.5765,0.5765,0.0,0.5765,0.4235
92,4191262606550299441185920197,14,247,237,0.27049999999999996,0.2317,0.2317,0.5022,0.4978
92,4524505810594424805046188023,14,186,186,0.5754,0.5754,0.0,0.5754,0.4246
92,4436756637293419086242413823,14,304,304,0.188,0.188,0.0,0.188,0.812
92,4622255557365018868109404781,14,243,239,0.0709,0.0482,0.0482,0.11910000000000001,0.8809
92,4140817483393625846835745067,14,187,187,0.6205,0.6205,0.0,0.6205,0.37949999999999995
92,3623242713844085957512152379,14,216,207,0.43279999999999996,0.0654,0.1921,0.6249,0.3751
92,3284936404135933232323633403,14,239,239,0.267,0.267,0.0,0.267,0.733
92,3973426486912083139104826397,14,234,234,0.3085,0.3085,0.0,0.3085,0.6915
92,4264466515586269820797082587,14,334,324,0.1009,0.0761,0.2259,0.3268,0.6732
92,4670699686993184183453107171,14,215,210,0.008,0.025,0.0853,0.0933,0.9067000000000001
92,4603820419315267516558356089,14,207,207,0.1418,0.1418,0.0,0.1418,0.8582
92,3434988399742208893421540347,14,317,295,0.0128,0.0654,0.7635,0.7763,0.2237
92,4845859391597377894987628971,14,279,279,0.3009,0.3009,0.0,0.3009,0.6991
92,3739789216962282450713256179,14,496,496,0.3048,0.3048,0.0,0.3048,0.6952
92,2827899586917376640118493859,14,322,319,0.0435,0.2626,0.2626,0.3061,0.6939
92,4009025028484881176170956451,14,170,170,0.1573,0.1573,0.0,0.1573,0.8427
92,4755452031200983131207452059,14,149,149,0.6969,0.6969,0.0,0.6969,0.30310000000000004
92,4697418684879952103718650897,14,305,284,0.20729999999999998,0.2254,0.5685,0.7758,0.22419999999999995
92,3758732431566844754524843921,14,217,217,0.515,0.515,0.0,0.515,0.485
92,4428934560421577328170462509,14,236,217,0.1348,0.1654,0.4377,0.5725,0.4275
92,4112038673458022327415465677,14,256,244,0.0895,0.2989,0.2989,0.38839999999999997,0.6116
92,3820568197280046945852152221,14,178,178,0.3907,0.3907,0.0,0.3907,0.6093
92,3901224370656699341521404487,14,175,175,0.5248,0.5248,0.0,0.5248,0.47519999999999996
92,2822354917647847465569566303,14,315,315,0.2444,0.2444,0.0,0.2444,0.7556
92,3360546485756760110407830067,14,243,243,0.4044,0.4044,0.0,0.4044,0.5956
92,4165075111256767205444193173,14,255,255,0.2736,0.2736,0.0,0.2736,0.7263999999999999
92,3402379129107671569900920553,14,426,424,0.1967,0.2466,0.2466,0.4433,0.5567
92,4845552394555216308124384051,14,222,212,0.2134,0.2351,0.2351,0.4485,0.5515
92,3972464233974277441443634819,14,379,370,0.1804,0.1935,0.1935,0.3739,0.6261
92,4561613665360713683464179529,14,230,221,0.1595,0.2585,0.2585,0.41800000000000004,0.582
92,3259124787379759687658926661,14,218,212,0.369,0.1113,0.1113,0.4803,0.5197
92,3400017486787130632630284461,14,172,171,0.4902,0.1255,0.1255,0.6157,0.3843
92,3962350054316029281500862557,14,178,178,0.5511,0.5511,0.0,0.5511,0.44889999999999997
92,4112908582699687240664499467,14,163,163,0.5597,0.5597,0.0,0.5597,0.4403
92,4590428458021831930734782591,14,325,325,0.7826,0.7826,0.0,0.7826,0.21740000000000004
93,7980431950426629366305782987,14,283,272,0.019200000000000002,0.2033,0.3548,0.374,0.626
93,9864432339469347134612740291,14,149,149,0.4711,0.4711,0.0,0.4711,0.5288999999999999
93,8632447691319447980783994781,14,247,247,0.1639,0.1639,0.0,0.1639,0.8361000000000001
93,6616079734242502440413117213,14,261,242,0.0391,0.264,0.5535,0.5926,0.4074
93,8596494752026324833639043219,14,191,190,0.123,0.1557,0.1557,0.2787,0.7213
93,8633312163936624555019734899,14,189,185,0.2124,0.1448,0.1448,0.3572,0.6428
93,8415863635916136611995550513,14,182,177,0.0376,0.0449,0.0449,0.0825,0.9175
93,8859541785082569997249677287,14,196,186,0.0976,0.1187,0.1989,0.2965,0.7035
93,8656976432691959551583069327,14,149,149,0.7131,0.7131,0.0,0.7131,0.28690000000000004
93,8872467527095692808297156321,14,231,227,0.0723,0.0491,0.0491,0.12140000000000001,0.8786
93,9400150561611370636090017727,14,220,217,0.33999999999999997,0.2045,0.3102,0.6501999999999999,0.3498000000000001
93,6755305758542036011332873599,14,207,207,0.5752,0.5752,0.0,0.5752,0.42479999999999996
93,9778273954702008340068738913,14,273,266,0.2924,0.0857,0.3521,0.6445000000000001,0.3554999999999999
93,6840516114313337883060432739,14,255,226,0.011999999999999999,0.0883,0.5416000000000001,0.5536000000000001,0.4463999999999999
93,9493757010275168079358505489,14,181,181,0.3102,0.3102,0.0,0.3102,0.6898
93,8287615047634438450093001351,14,250,250,0.2244,0.2244,0.0,0.2244,0.7756000000000001
93,9880755867240744745768103863,14,186,186,0.4373,0.4373,0.0,0.4373,0.5627
93,8340135255589921391943476959,14,256,223,0.0665,0.3772,0.5792,0.6457,0.35429999999999995
93,7926053935472074502123172641,14,232,202,0.0161,0.2429,0.8016,0.8177,0.18230000000000002
93,8822909597427699051569524477,14,181,181,0.4319,0.4319,0.0,0.4319,0.5681
93,9167555930267943375838197311,14,442,409,0.0718,0.1084,0.4543,0.5261,0.4739
93,8630384886948513639587651347,14,334,334,0.4867,0.4867,0.0,0.4867,0.5133
93,9075641789469236265143000237,14,199,198,0.2028,0.2427,0.2427,0.4455,0.5545
93,8971694836716817937094823483,14,231,231,0.2078,0.2078,0.0,0.2078,0.7922
93,5792781155535081919148703251,14,298,297,0.1175,0.1113,0.1113,0.2288,0.7712
93,6035803903853707072655515759,14,207,197,0.1804,0.1159,0.1159,0.2963,0.7037
93,6330352444182407394104496703,14,256,250,0.2809,0.0916,0.0916,0.3725,0.6275
93,9404859042519823534272277649,14,197,197,0.1871,0.1871,0.0,0.1871,0.8129
93,9287182343449042465165192379,14,302,289,0.1753,0.183,0.2354,0.4107,0.5892999999999999
93,9863246135776478855793432433,14,195,195,0.511,0.511,0.0,0.511,0.489
93,7941991048975547647080093739,14,204,192,0.1449,0.4498,0.5074,0.6523,0.3477
93,8119344995815074274191514439,14,449,445,0.2892,0.0839,0.0839,0.3731,0.6269
93,8693057969122529564628732943,14,216,216,0.4425,0.4425,0.0,0.4425,0.5575
93,6984668695920643103028207283,14,207,207,0.4105,0.4105,0.0,0.4105,0.5895
93,8428549737767503557306995633,14,182,182,0.1921,0.1921,0.0,0.1921,0.8079000000000001
94,19527285597800785777752734377,14,260,255,0.1933,0.1592,0.1592,0.35250000000000004,0.6475
94,13026121412511922016446186027,14,269,268,0.2319,0.2456,0.2456,0.47750000000000004,0.5225
94,19250101581978916097946265381,14,265,265,0.1919,0.1919,0.0,0.1919,0.8081
94,19649241297464279469332179087,14,314,314,0.3494,0.3494,0.0,0.3494,0.6506000000000001
94,17027512138824148354956883811,14,199,180,0.2106,0.191,0.458,0.6686000000000001,0.3313999999999999
94,14572960024530053323256638963,14,179,179,0.3198,0.3198,0.0,0.3198,0.6802
94,14343229635784734986785884931,14,224,224,0.6152,0.6152,0.0,0.6152,0.38480000000000003
94,13734885243960940210816407991,14,315,268,0.1357,0.1251,0.4991,0.6348,0.36519999999999997
94,17513050312671060559175920199,14,215,215,0.2837,0.2837,0.0,0.2837,0.7162999999999999
94,17020818323051964730080180209,14,255,255,0.0403,0.0403,0.0,0.0403,0.9597
94,16811884791162006044627767619,14,213,212,0.1273,0.1409,0.1409,0.2682,0.7318
94,19159706602160147685263523059,14,244,244,0.6728,0.6728,0.0,0.6728,0.32720000000000005
94,13190968142840852882206034681,14,207,207,0.3145,0.3145,0.0,0.3145,0.6855
94,12226649966811647499192470297,14,421,407,0.2837,0.112,0.112,0.3957,0.6043000000000001
94,19208544537459085354420979161,14,158,158,0.2108,0.2108,0.0,0.2108,0.7892
94,15502096283634864740729141453,14,220,214,0.084,0.3409,0.3409,0.4249,0.5751
94,19494343856899066899630880061,14,156,156,0.7742,0.7742,0.0,0.7742,0.2258
94,14119906751146115474001718643,14,307,307,0.3988,0.3988,0.0,0.3988,0.6012
94,13844943718454062726182586843,14,190,190,0.3037,0.3037,0.0,0.3037,0.6962999999999999
94,16823084043984684284397016093,14,221,221,0.5127,0.5127,0.0,0.5127,0.48729999999999996
94,14427882673758595063663536793,14,328,310,0.22210000000000002,0.1119,0.4978,0.7199,0.2801
94,18227228033546821135527734083,14,195,195,0.4429,0.4429,0.0,0.4429,0.5570999999999999
94,15786013114719719672934022423,14,184,184,0.4123,0.4123,0.0,0.4123,0.5877
94,11921390817129050621831918611,14,247,247,0.2566,0.2566,0.0,0.2566,0.7434000000000001
94,15040268282368372218269606899,14,233,225,0.2393,0.4403,0.4403,0.6796,0.3204
94,18630858074334269132965077607,14,235,235,0.363,0.363,0.0,0.363,0.637
94,13854509379638766323158629413,14,352,352,0.188,0.188,0.0,0.188,0.812
94,19797953795910436231145751517,14,224,224,0.3082,0.3082,0.0,0.3082,0.6918
94,19432886836431114424636721857,14,184,184,0.3769,0.3769,0.0,0.3769,0.6231
94,16041408523331264765015277523,14,387,376,0.1757,0.4056,0.4056,0.5813,0.41869999999999996
94,15128046741767104442871642331,14,265,259,0.1688,0.1064,0.2976,0.4664,0.5336000000000001
94,18736418554192182102133934219,14,200,199,0.0993,0.1243,0.1243,0.2236,0.7764
94,13643347399014887637361807117,14,349,323,0.0468,0.1237,0.6476000000000001,0.6944,0.3056
94,16986810435231925500119725861,14,242,242,0.2227,0.2227,0.0,0.2227,0.7773
94,14890458835377563957830704881,14,236,228,0.1682,0.0446,0.30299999999999994,0.47119999999999995,0.5288
95,34201681168396532503658157721,14,240,240,0.3101,0.3101,0.0,0.3101,0.6899
95,21745017699011371504789487519,14,264,264,0.051000000000000004,0.051000000000000004,0.0,0.051000000000000004,0.949
95,20994335488503783819336942049,14,187,180,0.6661,0.1507,0.1507,0.8168,0.18320000000000003
95,25417697907753377651717917367,14,199,199,0.6956,0.6956,0.0,0.6956,0.3044
95,38426528706624020986009133143,14,284,254,0.01,0.1267,0.6213000000000002,0.6313000000000002,0.3686999999999998
95,30801295371840341977336179803,14,300,283,0.0407,0.0653,0.43870000000000003,0.47940000000000005,0.5206
95,39060180816983120583914625607,14,242,242,0.2156,0.2156,0.0,0.2156,0.7844
95,28149542633877362505968156389,14,248,248,0.1178,0.1178,0.0,0.1178,0.8822
95,33983602503555606386935119343,14,340,340,0.1612,0.1612,0.0,0.1612,0.8388
95,27478444990747539025103047327,14,276,276,0.2203,0.2203,0.0,0.2203,0.7797000000000001
95,26609274223401411622311799277,14,226,226,0.218,0.218,0.0,0.218,0.782
95,25288556886887645264717011073,14,234,224,0.2247,0.163,0.163,0.38770000000000004,0.6123
95,32773772791446822997266351379,14,343,343,0.346,0.346,0.0,0.346,0.654
95,38988388892593957948397800291,14,307,307,0.3873,0.3873,0.0,0.3873,0.6127
95,36240641176792275517349672861,14,251,251,0.3761,0.3761,0.0,0.3761,0.6239
95,36386621449781726385019533551,14,249,249,0.7208,0.7208,0.0,0.7208,0.2792
95,36412583013118403522386822793,14,235,234,0.2405,0.268,0.268,0.5085,0.49150000000000005
95,39595440944594409256137103547,14,295,262,0.3044,0.1297,0.2475,0.5519000000000001,0.44809999999999994
95,35451296011548970831019127649,14,226,226,0.3953,0.3953,0.0,0.3953,0.6047
95,38703551598124295915376520049,14,251,251,0.2063,0.2063,0.0,0.2063,0.7937
95,23045794440390451560386909351,14,238,238,0.1956,0.1956,0.0,0.1956,0.8044
95,39108537380896752327656085763,14,250,244,0.1711,0.1024,0.1024,0.2735,0.7264999999999999
95,38993757073456876507793126309,14,223,204,0.141,0.1253,0.4736,0.6146,0.38539999999999996
95,30480707812730973926754012953,14,243,243,0.4157,0.4157,0.0,0.4157,0.5843
95,39458781741869003108962251461,14,241,241,0.5816,0.5816,0.0,0.5816,0.4184
95,32147511308796720060488984593,14,280,266,0.1788,0.3625,0.6860000000000002,0.8648000000000001,0.13519999999999988
95,39192316532879111984719826393,14,374,366,0.3078,0.1206,0.3404,0.6482,0.3518
95,32456801573711525005347811351,14,206,206,0.423,0.423,0.0,0.423,0.577
95,34296938834155352969878515023,14,235,235,0.2209,0.2209,0.0,0.2209,0.7791
95,37703170785291898039757701499,14,224,224,0.2189,0.2189,0.0,0.2189,0.7811
95,32607026428552147948920956021,14,230,220,0.0509,0.0376,0.35300000000000004,0.40390000000000004,0.5961
95,32437712044159357897819141093,14,226,222,0.2567,0.193,0.2644,0.5211,0.4789
95,30632430134502157857362263661,14,196,196,0.4033,0.4033,0.0,0.4033,0.5967
95,24122961010089408887487911801,14,184,184,0.15,0.15,0.0,0.15,0.85
95,35405680177545821321226499459,14,274,267,0.0826,0.153,0.2349,0.3175,0.6825
96,74732825783555296554782276833,15,270,270,0.342,0.342,0.0,0.342,0.6579999999999999
96,63005983810844014146903945197,15,192,177,0.1159,0.1712,0.29569999999999996,0.41159999999999997,0.5884
96,58019649781384408413510136723,15,194,194,0.6871,0.6871,0.0,0.6871,0.31289999999999996
96,76693513792177052068923075421,15,158,158,0.4226,0.4226,0.0,0.4226,0.5774
96,75798863241497211869180405543,15,206,196,0.0821,0.2502,0.46449999999999997,0.5466,0.4534
96,63995957364124040527189068409,15,185,177,0.3332,0.122,0.21339999999999998,0.5466,0.4534
96,72062422470327287010959713271,15,282,282,0.3494,0.3494,0.0,0.3494,0.6506000000000001
96,74808122125883790467625411173,15,222,219,0.3613,0.1689,0.1689,0.5302,0.4698
96,77285842208302972218005072917,15,201,201,0.5333,0.5333,0.0,0.5333,0.4667
96,60845243796154266915965191151,15,240,231,0.0291,0.2017,0.3225,0.3516,0.6484
96,62438612587694199739804647437,15,198,198,0.3117,0.3117,0.0,0.3117,0.6883
96,79101555119304328072213252681,15,238,236,0.1041,0.1972,0.1972,0.3013,0.6987
96,67938814575794655235108485043,15,291,283,0.0869,0.0621,0.16969999999999996,0.25659999999999994,0.7434000000000001
96,48378913180815436313092715531,14,220,194,0.16860000000000003,0.1131,0.48510000000000003,0.6537000000000001,0.34629999999999994
96,65317103996166751009054675931,15,339,332,0.0914,0.0568,0.0568,0.1482,0.8518
96,56421524751598466451182298847,15,259,259,0.2992,0.2992,0.0,0.2992,0.7008
96,71657173643402226530912776913,15,215,215,0.2288,0.2288,0.0,0.2288,0.7712
96,63887608176877089834047797861,15,205,205,0.5357,0.5357,0.0,0.5357,0.46430000000000005
96,62851420431471275912433145967,15,391,391,0.1605,0.1605,0.0,0.1605,0.8395
96,76529368541279877734586068639,15,246,246,0.1598,0.1598,0.0,0.1598,0.8402000000000001
96,59148152096469444001098394351,15,154,154,0.6591,0.6591,0.0,0.6591,0.3409
96,74445494172671827329830637403,15,367,345,0.0171,0.045,0.5334000000000001,0.5505000000000001,0.4494999999999999
96,76936028559296218890774204727,15,222,208,0.3221,0.2235,0.2922,0.6143000000000001,0.38569999999999993
96,76002555587725963351438855697,15,191,191,0.6244,0.6244,0.0,0.6244,0.37560000000000004
96,77254797934478677408669872547,15,208,204,0.4028,0.1808,0.1808,0.5836,0.4164
96,77214597679735457310907485197,15,271,242,0.17559999999999998,0.1953,0.3842,0.5598,0.44020000000000004
96,66621397980606512068044807311,15,270,245,0.1308,0.3047,0.39430000000000004,0.5251,0.4749
96,71771873107550994040110319031,15,319,304,0.0577,0.1185,0.1719,0.2296,0.7704
96,78642558551494851018049966181,15,231,231,0.4357,0.4357,0.0,0.4357,0.5643
96,59903200788260754903028038337,15,219,209,0.2604,0.032,0.0999,0.3603,0.6396999999999999
96,73835008193896049627247195329,15,194,184,0.3764,0.1481,0.1481,0.5245,0.47550000000000003
96,76985366179326568166427306937,15,168,168,0.4246,0.4246,0.0,0.4246,0.5754
96,66713355847101930384153701309,15,211,209,0.2672,0.0609,0.0609,0.3281,0.6718999999999999
96,65033361526247429247530801351,15,294,294,0.2785,0.2785,0.0,0.2785,0.7215
96,59559979956008125148451492053,15,196,188,0.2886,0.0329,0.0329,0.3215,0.6785
97,129447240331104827995595655923,15,289,289,0.1611,0.1611,0.0,0.1611,0.8389
97,115187949318520363367424613043,15,199,194,0.1054,0.0462,0.0692,0.17459999999999998,0.8254
97,151826517965122490698745825863,15,349,348,0.0271,0.0112,0.0112,0.0383,0.9617
97,154524439050445393946211949631,15,214,214,0.1782,0.1782,0.0,0.1782,0.8218
97,133518410244058707859042438913,15,318,314,0.2028,0.1587,0.1587,0.36150000000000004,0.6385
97,137533882169362556319600981467,15,257,247,0.22590000000000002,0.2217,0.3262,0.5521,0.44789999999999996
97,129620743726371655095570607649,15,183,183,0.3565,0.3565,0.0,0.3565,0.6435
97,151145886552514738513095347717,15,207,207,0.4523,0.4523,0.0,0.4523,0.5477000000000001
97,129488063908642840585880277497,15,204,204,0.3484,0.3484,0.0,0.3484,0.6516
97,116029830544765279085289480749,15,283,283,0.4943,0.4943,0.0,0.4943,0.5057
97,139692360061922537593858604959,15,248,248,0.3825,0.3825,0.0,0.3825,0.6174999999999999
97,131492251627715305720105096523,15,253,253,0.2161,0.2161,0.0,0.2161,0.7839
97,130372725786458643547860591403,15,215,214,0.0614,0.2467,0.2467,0.3081,0.6919
97,140985027962958603686585974253,15,383,383,0.3489,0.3489,0.0,0.3489,0.6511
97,103183605898100770257943328371,15,282,282,0.618,0.618,0.0,0.618,0.382
97,153565820822614979072293048363,15,192,192,0.2998,0.2998,0.0,0.2998,0.7001999999999999
97,147150629635777912356554350909,15,277,277,0.1416,0.1416,0.0,0.1416,0.8584
97,141753539459544944717447049667,15,286,275,0.2214,0.0165,0.14450000000000002,0.3659,0.6341
97,120006145549613971251857157397,15,169,169,0.4715,0.4715,0.0,0.4715,0.5285
97,96438780195388809750593502281,15,312,312,0.4381,0.4381,0.0,0.4381,0.5619000000000001
97,103827243270901889384953885093,15,211,211,0.4201,0.4201,0.0,0.4201,0.5799000000000001
97,119344921150784095661401998587,15,299,274,0.0809,0.308,0.5733,0.6542,0.3458
97,114502036032333616112384949553,15,443,443,0.2347,0.2347,0.0,0.2347,0.7653
97,155008621390640237881874947687,15,229,229,0.1761,0.1761,0.0,0.1761,0.8239
97,134519497044010853023798652057,15,301,289,0.0579,0.1304,0.17099999999999999,0.2289,0.7711
97,107573398735213603522387951031,15,199,199,0.483,0.483,0.0,0.483,0.517
97,155222137968688036124076018553,15,211,202,0.2193,0.3625,0.5204,0.7397,0.2603
97,118875860012486171965334017433,15,220,220,0.3369,0.3369,0.0,0.3369,0.6631
97,110642915874779198803328147057,15,239,239,0.5757,0.5757,0.0,0.5757,0.4243
97,143190668100398024258635066921,15,327,324,0.1735,0.1356,0.1356,0.3091,0.6909000000000001
97,133561860093084030315732785441,15,199,187,0.2015,0.0854,0.1907,0.3922,0.6078
97,157779056255841647999056641161,15,287,280,0.2161,0.1754,0.1754,0.39149999999999996,0.6085
97,135437990053107034074308839009,15,290,290,0.286,0.286,0.0,0.286,0.714
97,107057372922131402324889406133,15,245,221,0.0093,0.0236,0.668,0.6773,0.3227
97,131015583167271017008039863571,15,239,217,0.1143,0.0919,0.4274,0.5417,0.45830000000000004
98,188957013364681807609416474229,15,258,258,0.2916,0.2916,0.0,0.2916,0.7083999999999999
98,248999694526030703853052943101,15,264,264,0.269,0.269,0.0,0.269,0.731
98,290427812170051456210944380779,15,214,214,0.3447,0.3447,0.0,0.3447,0.6553
98,268892484517791111772784810027,15,384,379,0.301,0.1282,0.32220000000000004,0.6232,0.3768
98,295020615104131454187684022267,15,255,237,0.1895,0.0944,0.0944,0.2839,0.7161
98,207544228156849911050011028443,15,178,178,0.4853,0.4853,0.0,0.4853,0.5146999999999999
98,261444788062583078899442100049,15,239,217,0.2478,0.2408,0.2408,0.4886,0.5114000000000001
98,312380001318591469369008984733,15,200,200,0.3224,0.3224,0.0,0.3224,0.6776
98,259112034770260933259035814533,15,211,211,0.1928,0.1928,0.0,0.1928,0.8072
98,303711992536454306292214514861,15,298,298,0.322,0.322,0.0,0.322,0.6779999999999999
98,227993201246575806391581564947,15,275,275,0.5023,0.5023,0.0,0.5023,0.49770000000000003
98,211517033353684057456749954763,15,240,235,0.2018,0.0861,0.0861,0.2879,0.7121
98,262003907873292343780019501759,15,258,258,0.2647,0.2647,0.0,0.2647,0.7353000000000001
98,312884614754325520048176912089,15,464,457,0.1995,0.0767,0.41359999999999997,0.6131,0.3869
98,282554681924166810998111083303,15,300,300,0.3207,0.3207,0.0,0.3207,0.6793
98,294876156058666314886054361657,15,251,251,0.1999,0.1999,0.0,0.1999,0.8001
98,311952052526536003306746659069,15,295,276,0.3191,0.0682,0.15949999999999998,0.47859999999999997,0.5214000000000001
98,301562729462113043536620587773,15,179,179,0.2728,0.2728,0.0,0.2728,0.7272000000000001
98,270291262016937711522016672583,15,258,258,0.0433,0.0433,0.0,0.0433,0.9567
98,224321787892456200894374295053,15,186,182,0.194,0.1896,0.1896,0.3836,0.6164000000000001
98,285593214552627366672442946243,15,293,293,0.215,0.215,0.0,0.215,0.785
98,236132996869889470414295024033,15,238,238,0.1861,0.1861,0.0,0.1861,0.8139000000000001
98,241654022564285475374458345981,15,261,239,0.0682,0.4849,0.5762,0.6444000000000001,0.3555999999999999
98,263267414626678736390952075463,15,243,243,0.2754,0.2754,0.0,0.2754,0.7246
98,295583252841485034613246917541,15,199,195,0.2441,0.093,0.093,0.3371,0.6629
98,266546894032457887950948578107,15,181,181,0.3315,0.3315,0.0,0.3315,0.6685
98,289468438635744386010033071783,15,196,196,0.4269,0.4269,0.0,0.4269,0.5730999999999999
98,288611843624491982045189334139,15,359,356,0.081,0.348,0.5417,0.6226999999999999,0.3773000000000001
98,213627570368323222723787273221,15,242,242,0.1931,0.1931,0.0,0.1931,0.8069
98,269720196732176004335302485083,15,233,233,0.2099,0.2099,0.0,0.2099,0.7901
98,276296507927694452477316385793,15,263,254,0.1806,0.1364,0.31020000000000003,0.4908,0.5092
98,194883014580606002946674782283,15,170,170,0.5623,0.5623,0.0,0.5623,0.4377
98,222057370117598046972077768047,15,213,190,0.3008,0.1308,0.2631,0.5639000000000001,0.43609999999999993
98,209639558825511909514206908929,15,207,202,0.0928,0.1364,0.2597,0.3525,0.6475
98,266037221502666922659797535059,15,214,214,0.187,0.187,0.0,0.187,0.813
99,558461254927597870933815188453,15,194,190,0.2548,0.206,0.206,0.4608,0.5392
99,543783740879117629311794516963,15,215,215,0.364,0.364,0.0,0.364,0.636
99,565896579399623887522982373449,15,186,186,0.1988,0.1988,0.0,0.1988,0.8012
99,613116461404204952525056602683,15,259,230,0.0706,0.1378,0.6007000000000001,0.6713000000000001,0.3286999999999999
99,524583132284377505107273719329,15,235,200,0.1394,0.1281,0.5239,0.6633,0.3367
99,458860411358237909866115811029,15,171,171,0.1253,0.1253,0.0,0.1253,0.8747
99,593138978986190234301574987111,15,204,189,0.0532,0.0556,0.3589,0.4121,0.5879
99,491936711277670176732132865019,15,280,255,0.1273,0.1637,0.3789,0.5062,0.4938
99,430358486978067534037292803637,15,240,240,0.1584,0.1584,0.0,0.1584,0.8416
99,516872431641489961906117620607,15,282,237,0.0538,0.2164,0.4201,0.4739,0.5261
99,428670307645179851438750089321,15,432,419,0.0949,0.0487,0.4976,0.5925,0.4075
99,557026385466789337047925385561,15,168,168,0.5795,0.5795,0.0,0.5795,0.4205
99,596428655934655964526960533479,15,299,299,0.34800000000000003,0.34800000000000003,0.0,0.34800000000000003,0.6519999999999999
99,502061259528248887386258982759,15,452,452,0.30810000000000004,0.30810000000000004,0.0,0.30810000000000004,0.6919
99,618685894697084383359600982177,15,240,236,0.1411,0.2415,0.5617,0.7028,0.2972
99,345847759860555953473729145051,15,167,167,0.8231,0.8231,0.0,0.8231,0.17689999999999995
99,604447199334422499002167505489,15,197,197,0.5392,0.5392,0.0,0.5392,0.4608
99,612400195295618880591591918029,15,215,215,0.6991,0.6991,0.0,0.6991,0.30089999999999995
99,482648943824193716856061215161,15,221,221,0.3176,0.3176,0.0,0.3176,0.6824
99,577015581889213190994734551559,15,239,239,0.5539,0.5539,0.0,0.5539,0.44610000000000005
99,415910424760755938937653722481,15,216,216,0.3699,0.3699,0.0,0.3699,0.6301
99,449220731207596349171618473889,15,417,417,0.139,0.139,0.0,0.139,0.861
99,428270348901422741096674321417,15,246,246,0.3385,0.3385,0.0,0.3385,0.6615
99,526521478375385372472699294901,15,269,253,0.0497,0.1261,0.37759999999999994,0.42729999999999996,0.5727
99,499119018345466731892589214803,15,215,215,0.5506,0.5506,0.0,0.5506,0.4494
99,592489764329847364559076396581,15,232,232,0.6883,0.6883,0.0,0.6883,0.3117
99,625957688770592710985598281699,15,177,177,0.2355,0.2355,0.0,0.2355,0.7645
99,443432700378471823461624778667,15,207,207,0.2804,0.2804,0.0,0.2804,0.7196
99,393396099903270130081024253179,15,252,252,0.1326,0.1326,0.0,0.1326,0.8674
99,547477767253120770951465796601,15,193,193,0.4559,0.4559,0.0,0.4559,0.5441
99,469077817415810822994136518577,15,380,341,0.039599999999999996,0.2808,0.6155,0.6551,0.3449
99,610152734030147381104565366353,15,245,245,0.4711,0.4711,0.0,0.4711,0.5288999999999999
99,388689906813209042534480563769,15,367,334,0.0012,0.086,0.2849000000000001,0.2861000000000001,0.7139
99,419314116021683029804806741197,15,313,313,0.2068,0.2068,0.0,0.2068,0.7932
99,593575642376280673612985388983,15,227,227,0.5497,0.5497,0.0,0.5497,0.45030000000000003
100,1014227202989295602314130168897,15,412,409,0.3731,0.1992,0.22089999999999999,0.594,0.406
100,728467047361864767550711025983,15,246,246,0.3996,0.3996,0.0,0.3996,0.6004
100,885843203616826445423904501521,15,233,233,0.0964,0.0964,0.0,0.0964,0.9036
100,1034468145955734679741971629681,15,243,240,0.4712,0.0933,0.1941,0.6653,0.3347
100,1183460690946795938002030743529,15,249,249,0.5387,0.5387,0.0,0.5387,0.46130000000000004
100,869948720207658128789362546283,15,209,209,0.1494,0.1494,0.0,0.1494,0.8506
100,886839367748653877598467744533,15,224,224,0.3994,0.3994,0.0,0.3994,0.6006
100,1260257750541860210739176169061,15,308,298,0.1006,0.2379,0.4645,0.5651,0.43489999999999995
100,1016789109459006914831400646727,15,267,267,0.5541,0.5541,0.0,0.5541,0.44589999999999996
100,1045356340718296743858797105803,15,374,368,0.1604,0.2329,0.2779,0.43829999999999997,0.5617000000000001
100,1196749745670062577098850830563,15,257,239,0.2683,0.3743,0.3743,0.6426000000000001,0.35739999999999994
100,1158436824893856974405859025783,15,280,280,0.1714,0.1714,0.0,0.1714,0.8286
100,1132026559632505386351892991959,15,248,245,0.1029,0.206,0.206,0.3089,0.6911
100,1067401885280284598601612336209,15,290,290,0.3784,0.3784,0.0,0.3784,0.6215999999999999
100,1197463450197449177248263573511,15,277,277,0.3861,0.3861,0.0,0.3861,0.6139
100,1033146265655876270620017349129,15,234,188,0.0018,0.2578,0.6718999999999998,0.6736999999999999,0.32630000000000015
100,906253081039184043492624123443,15,407,384,0.0765,0.0738,0.7282000000000001,0.8047000000000001,0.19529999999999992
100,1260419524291412264936876831401,15,285,278,0.0464,0.0784,0.0784,0.1248,0.8752
100,747627966546267738431355483293,15,247,212,0.0334,0.1425,0.6971999999999999,0.7305999999999999,0.2694000000000001
100,1011220981919753832229437110003,15,299,299,0.6361,0.6361,0.0,0.6361,0.3639
100,1151395136771896986084253511617,15,230,230,0.2953,0.2953,0.0,0.2953,0.7047
100,768694790250421717704831988309,15,251,251,0.4804,0.4804,0.0,0.4804,0.5196000000000001
100,1258627911652576484310245423923,15,223,223,0.1123,0.1123,0.0,0.1123,0.8877
100,834052890203841711731281511377,15,197,194,0.2565,0.0822,0.2344,0.4909,0.5091
100,1233836401066516302219919796549,15,229,229,0.4392,0.4392,0.0,0.4392,0.5608
100,860752058006500252131153934993,15,220,200,0.2309,0.074,0.4027,0.6335999999999999,0.36640000000000006
100,1255444806632404722822358926947,15,266,246,0.029,0.2175,0.47679999999999995,0.5057999999999999,0.4942000000000001
100,807921154657733330616473344649,15,379,373,0.0547,0.0182,0.19949999999999998,0.2542,0.7458
100,1008519246880131384320354391809,15,282,282,0.3905,0.3905,0.0,0.3905,0.6094999999999999
100,1197601468376857952665337748023,15,241,241,0.1918,0.1918,0.0,0.1918,0.8082
100,1216362106871204643304264381087,15,262,253,0.2361,0.0108,0.0756,0.3117,0.6883
100,987089740372686497356067880749,15,239,239,0.4196,0.4196,0.0,0.4196,0.5804
100,975603022253004434405349993437,15,271,271,0.2881,0.2881,0.0,0.2881,0.7119
100,777141828907962353791679784649,15,167,167,0.5726,0.5726,0.0,0.5726,0.4274
100,755187864646012728126220449869,15,277,239,0.0481,0.359,0.7622,0.8103,0.18969999999999998
101,1840835611680915739651746127499,15,309,297,0.072,0.104,0.2062,0.2782,0.7218
101,2191922972214538905290457334549,15,323,323,0.2549,0.2549,0.0,0.2549,0.7451
101,2469434408545832162855367840601,15,214,199,0.1109,0.1112,0.324,0.4349,0.5650999999999999
101,2258147558557439974359313238681,15,279,279,0.2364,0.2364,0.0,0.2364,0.7636000000000001
101,2507939986133675380417290631103,15,210,210,0.4212,0.4212,0.0,0.4212,0.5788
101,1951731231063369808148161440581,15,195,171,0.1038,0.0776,0.5325,0.6363,0.3637
101,2532100326457991219027612393507,15,234,232,0.2021,0.1855,0.1855,0.3876,0.6124
101,2320066061735103459907377106387,15,294,290,0.3192,0.06,0.06,0.3792,0.6208
101,2330290422597140037595318430473,15,248,245,0.14129999999999998,0.1925,0.1925,0.3338,0.6662
101,2357040879971163488815803837793,15,264,260,0.1642,0.1735,0.24069999999999997,0.4049,0.5951
101,2063215066365171271358593297031,15,311,308,0.2924,0.0989,0.0989,0.3913,0.6087
101,1605097502903812893085652081999,15,349,349,0.6836,0.6836,0.0,0.6836,0.3164
101,1681223362582000688113053885803,15,215,215,0.7628999999999999,0.7628999999999999,0.0,0.7628999999999999,0.2371000000000001
101,1987521351916865041255680704213,15,203,203,0.6153,0.6153,0.0,0.6153,0.38470000000000004
101,1790202741125281418859781291307,15,213,196,0.0884,0.1363,0.46640000000000004,0.5548000000000001,0.44519999999999993
101,1624091694281941760017759955893,15,308,276,0.0632,0.1503,0.3146,0.3778,0.6222
101,1577032554206491419960175721059,15,271,262,0.115,0.16699999999999998,0.3485,0.46349999999999997,0.5365
101,1884961944901816364447116974257,15,399,380,0.0215,0.1303,0.3619,0.3834,0.6166
101,2398513923238721067105305934103,15,315,315,0.514,0.514,0.0,0.514,0.486
101,2373640225595884904474254430723,15,265,254,0.1678,0.149,0.149,0.31679999999999997,0.6832
101,2121739626705802509277125959527,15,369,369,0.3179,0.3179,0.0,0.3179,0.6820999999999999
101,1650852169838575455516805685563,15,315,307,0.038,0.0378,0.2779,0.31589999999999996,0.6841
101,2426656038510034596308652717883,15,219,219,0.3687,0.3687,0.0,0.3687,0.6313
101,2392198708274768127022965956921,15,384,370,0.1469,0.1357,0.2843,0.4312,0.5688
101,2287601160942372052963899108221,15,232,225,0.0738,0.2468,0.2468,0.3206,0.6794
101,2495558402562667349326078495733,15,219,219,0.2993,0.2993,0.0,0.2993,0.7007
101,2289090773784657868828836613031,15,323,320,0.077,0.1231,0.1231,0.2001,0.7999
101,1964258722355044185836558656211,15,318,318,0.507,0.507,0.0,0.507,0.493
101,2160673655649312304554572016031,15,317,317,0.3471,0.3471,0.0,0.3471,0.6529
101,2372104891377560460576926603179,15,222,222,0.3217,0.3217,0.0,0.3217,0.6783
101,2453986551351703599576098156437,15,249,231,0.1077,0.2873,0.4436,0.5513,0.4487
101,2261513440992128291790667552807,15,310,301,0.0893,0.2252,0.2252,0.3145,0.6855
101,2463947960185353847392274562147,15,254,245,0.3189,0.2415,0.2415,0.5604,0.4396
101,2183609506817014746840093110407,15,226,226,0.3515,0.3515,0.0,0.3515,0.6485000000000001
101,2169970336140831597804566119469,15,475,457,0.0534,0.0911,0.2396,0.29300000000000004,0.707
102,4463048221411943817325698148667,15,225,225,0.3165,0.3165,0.0,0.3165,0.6835
102,4231012425832252293932512848403,15,214,214,0.4916,0.4916,0.0,0.4916,0.5084
102,4122190207110759003072660373289,15,261,256,0.1355,0.05,0.05,0.1855,0.8145
102,4577298471120605901275667074647,15,279,271,0.3389,0.1345,0.1345,0.4734,0.5266
102,4613793474016595237772396046919,15,232,205,0.2468,0.2336,0.3952,0.642,0.358
102,3588570288076024520670862275847,15,277,277,0.2278,0.2278,0.0,0.2278,0.7722
102,3546244421097972495211293391921,15,291,291,0.425,0.425,0.0,0.425,0.575
102,4393791496468892956295156237143,15,374,359,0.1078,0.076,0.3639,0.4717,0.5283
102,4374053554480078172100865524919,15,267,266,0.3756,0.1604,0.1604,0.536,0.46399999999999997
102,3957906390711944825468619191207,15,228,227,0.3741,0.248,0.248,0.6221,0.3779
102,4501171753833048016664168691823,15,215,215,0.2858,0.2858,0.0,0.2858,0.7142
102,4725070161738900642633566527687,15,203,203,0.704,0.704,0.0,0.704,0.29600000000000004
102,5036851782417962451016567457723,15,186,186,0.5557,0.5557,0.0,0.5557,0.44430000000000003
102,4825122092629720442647861747151,15,275,275,0.2548,0.2548,0.0,0.2548,0.7452
102,3590349029764177096288507272581,15,268,268,0.6162,0.6162,0.0,0.6162,0.38380000000000003
102,4702587475587788816459028006643,15,241,241,0.3513,0.3513,0.0,0.3513,0.6487
102,4260947488757208646943651592593,15,257,238,0.0659,0.1064,0.4608999999999999,0.5267999999999999,0.47320000000000007
102,4031791910793433374286098168971,15,210,210,0.633,0.633,0.0,0.633,0.367
102,3232121704741594137004958551403,15,183,183,0.6216,0.6216,0.0,0.6216,0.37839999999999996
102,3088499250841508393904844469113,15,193,193,0.2318,0.2318,0.0,0.2318,0.7682
102,3880645553483977458403966145731,15,203,194,0.4227,0.0696,0.0696,0.4923,0.5077
102,3969112299390658249378533541411,15,262,262,0.1473,0.1473,0.0,0.1473,0.8527
102,4954179140177426711942408977681,15,323,319,0.129,0.0437,0.0437,0.17270000000000002,0.8272999999999999
102,4615306507845080577091425094697,15,235,234,0.2104,0.1393,0.1393,0.3497,0.6503
102,4069106321662363234332065300383,15,235,220,0.188,0.1143,0.32370000000000004,0.5117,0.48829999999999996
102,4874413558785925434522143391163,15,273,273,0.3163,0.3163,0.0,0.3163,0.6837
102,3089735993644790758311897883061,15,252,252,0.1497,0.1497,0.0,0.1497,0.8503000000000001
102,4259746230306787893950838014299,15,248,248,0.4807,0.4807,0.0,0.4807,0.5193
102,4059872671899844410628461542047,15,295,295,0.3056,0.3056,0.0,0.3056,0.6944
102,2896186781313744844416371579659,15,262,242,0.1067,0.057,0.5444000000000001,0.6511000000000001,0.3488999999999999
102,4480590815943235112951795862631,15,301,301,0.1154,0.1154,0.0,0.1154,0.8846
102,4384107846572140837117191285277,15,209,209,0.1961,0.1961,0.0,0.1961,0.8039000000000001
102,4322123725422838574682267198427,15,231,231,0.1868,0.1868,0.0,0.1868,0.8132
102,3893849914200358877700112576541,15,247,243,0.1739,0.0719,0.0719,0.24580000000000002,0.7542
102,2918590535995664516487274722787,15,251,251,0.5237,0.5237,0.0,0.5237,0.47629999999999995
103,9642865443762631673686749601549,15,309,294,0.0371,0.0906,0.4808,0.5179,0.4821
103,9442169158135172357341716687331,15,304,304,0.552,0.552,0.0,0.552,0.44799999999999995
103,9009735241243636012241732994197,15,244,244,0.3393,0.3393,0.0,0.3393,0.6607000000000001
103,8381999841996006357177024933847,15,202,202,0.6474,0.6474,0.0,0.6474,0.3526
103,9699766101024877810764864093499,15,195,195,0.4015,0.4015,0.0,0.4015,0.5985
103,6677652591061439262895804522621,15,324,324,0.3338,0.3338,0.0,0.3338,0.6662
103,6717333407942558470641268335257,15,271,271,0.288,0.288,0.0,0.288,0.712
103,10126600046824817466773391520669,15,206,206,0.6553,0.6553,0.0,0.6553,0.3447
103,8644036141264881081514837849349,15,263,262,0.2949,0.319,0.319,0.6139,0.3861
103,6606084965479358121741317556379,15,178,178,0.7142,0.7142,0.0,0.7142,0.28580000000000005
103,7186746916837648718432441897969,15,240,240,0.1592,0.1592,0.0,0.1592,0.8408
103,8656966764697339051397280681137,15,388,378,0.169,0.0931,0.0931,0.2621,0.7379
103,9815844299857591017962994957649,15,254,254,0.4839,0.4839,0.0,0.4839,0.5161
103,9090734618803932724986191856623,15,206,201,0.0998,0.1296,0.1296,0.2294,0.7706
103,7664059136982428385991761798223,15,268,236,0.07129999999999999,0.2056,0.5156999999999999,0.587,0.41300000000000003
103,7228813542013333689488733735947,15,516,501,0.2286,0.0557,0.0557,0.2843,0.7157
103,6062590098757155243753975529441,15,256,256,0.3538,0.3538,0.0,0.3538,0.6462
103,7721856671624078851613178653383,15,204,204,0.3497,0.3497,0.0,0.3497,0.6503
103,7340970880512796452132171261529,15,269,267,0.1963,0.1853,0.1853,0.3816,0.6184000000000001
103,8047703350099493615562495700811,15,288,264,0.1327,0.0802,0.4856,0.6183,0.38170000000000004
103,5864593507806839102095221006799,15,220,220,0.1943,0.1943,0.0,0.1943,0.8057
103,8829445914206882377727552265799,15,397,347,0.0315,0.2167,0.7455,0.777,0.22299999999999998
103,7329117465024158799855627085723,15,255,250,0.0497,0.4735,0.5793999999999999,0.6290999999999999,0.3709000000000001
103,9604860526585197852707184320173,15,237,237,0.0997,0.0997,0.0,0.0997,0.9003
103,9305653870633138946470276995971,15,220,203,0.065,0.2503,0.3934,0.45840000000000003,0.5416
103,7855634249600371360863738860107,15,325,325,0.1839,0.1839,0.0,0.1839,0.8161
103,10055645816973254894239526752813,15,199,199,0.6509,0.6509,0.0,0.6509,0.34909999999999997
103,7557929571736869124187747511037,15,213,189,0.2502,0.337,0.337,0.5871999999999999,0.41280000000000006
103,7715806415064963847543747990387,15,224,224,0.3062,0.3062,0.0,0.3062,0.6938
103,9358203452866862107364114098609,15,256,256,0.3057,0.3057,0.0,0.3057,0.6942999999999999
103,8898927042669591061199484503387,15,204,204,0.3959,0.3959,0.0,0.3959,0.6041000000000001
103,9559284717576132060072143158763,15,176,176,0.167,0.167,0.0,0.167,0.833
103,8077113858622814397694136514679,15,209,191,0.0895,0.2787,0.35609999999999997,0.4456,0.5544
103,8128538190527613323599349575007,15,408,408,0.6149,0.6149,0.0,0.6149,0.3851
103,9561058571001561490997894891597,15,452,452,0.1078,0.1078,0.0,0.1078,0.8922
104,15558063225967534534455352018157,15,212,212,0.4344,0.4344,0.0,0.4344,0.5656
104,16910155830220609568748250484431,15,192,192,0.1542,0.1542,0.0,0.1542,0.8458
104,16882705785787521763337359586531,15,208,201,0.2529,0.3932,0.4298,0.6827000000000001,0.3172999999999999
104,15326612504316068454853657665809,15,294,281,0.2103,0.035,0.2337,0.44399999999999995,0.556
104,19785707443467316133998095609629,16,428,425,0.23458,0.07711,0.07711,0.31169,0.68831
104,18561606234333400419983872331413,16,282,273,0.05011,0.07458,0.27586,0.32597,0.67403
104,19399759303840095477387380608063,16,231,217,0.09943,0.41203,0.41203,0.51146,0.48854
104,19993611977767559130258040705289,16,194,194,0.22116,0.22116,0.0,0.22116,0.77884
104,17737529949977101617198680722871,15,329,329,0.2662,0.2662,0.0,0.2662,0.7338
104,19439771443228524695528495411503,16,268,268,0.40819,0.40819,0.0,0.40819,0.59181
104,18571633593258344226104476811557,16,298,293,0.25139,0.12296,0.12296,0.37435,0.62565
104,16030367214762499425514743008209,15,363,353,0.1288,0.0979,0.39799999999999996,0.5267999999999999,0.47320000000000007
104,17843799089765926076042020733159,15,344,344,0.0802,0.0802,0.0,0.0802,0.9198
104,16770507263600132377943201852407,15,284,273,0.0229,0.2229,0.5986,0.6215,0.37849999999999995
104,18427718858863335224547171114317,16,362,327,0.04259,0.2458,0.5256799999999999,0.5682699999999999,0.43173000000000006
104,17854004567445345881520796281199,15,254,254,0.4351,0.4351,0.0,0.4351,0.5649
104,14048153053531676356749793857779,15,272,272,0.3539,0.3539,0.0,0.3539,0.6461
104,12920779947118924267127800864619,15,245,237,0.037,0.1062,0.1062,0.1432,0.8568
104,18099581263565799256240849759681,16,242,242,0.05693,0.05693,0.0,0.05693,0.94307
104,19716999475532963412709360707193,16,448,448,0.18357,0.18357,0.0,0.18357,0.81643
104,12257625889968361504809205350679,15,217,217,0.2237,0.2237,0.0,0.2237,0.7763
104,20182828021916537070019481648767,16,307,298,0.23049,0.17495,0.17495,0.40544,0.59456
104,19020196110892148473543037246849,16,319,319,0.47643,0.47643,0.0,0.47643,0.52357
104,16867284212889755376442621457969,15,339,339,0.266,0.266,0.0,0.266,0.734
104,19661525096242621463467868444093,16,243,243,0.243,0.243,0.0,0.243,0.757
104,14340998651637227056632047906953,15,290,290,0.3376,0.3376,0.0,0.3376,0.6624
104,17898483435379894070010807054761,16,304,298,0.09689,0.39433,0.39433,0.49122,0.50878
104,15858716530370727988781930282693,15,425,421,0.1892,0.0369,0.0369,0.22610000000000002,0.7739
104,11066736490868321076217651327139,15,366,359,0.2432,0.131,0.131,0.3742,0.6258
104,18894421480531364662466310582313,16,215,215,0.50101,0.50101,0.0,0.50101,0.49899000000000004
104,18308484252809774082145906890809,16,210,210,0.80494,0.80494,0.0,0.80494,0.19506
104,19533485527545451265244608380597,16,226,211,0.0929,0.24807,0.2894,0.3823,0.6177
104,16139852439631327404952825318823,15,242,223,0.2115,0.2916,0.2916,0.5031,0.4969
104,16959416356569227114702230460341,15,288,288,0.1822,0.1822,0.0,0.1822,0.8178
104,16915544644524642255937626580699,15,194,194,0.1788,0.1788,0.0,0.1788,0.8212
105,27546564901888456440020396038609,16,352,352,0.30078,0.30078,0.0,0.30078,0.69922
105,40495549147017148984502874958093,16,195,195,0.62901,0.62901,0.0,0.62901,0.37099000000000004
105,36711974179401200743008336409559,16,277,277,0.04323,0.04323,0.0,0.04323,0.95677
105,31824184544571686050135552400927,16,209,209,0.40085,0.40085,0.0,0.40085,0.5991500000000001
105,25486570747958410741440081394307,16,230,224,0.21223,0.0952,0.23256000000000002,0.44479,0.55521
105,37853517888220497959158984203473,16,216,216,0.43073,0.43073,0.0,0.43073,0.5692699999999999
105,31935886427057677460572734960019,16,269,269,0.18716,0.18716,0.0,0.18716,0.81284
105,36928350506576779674229233776021,16,222,222,0.25112,0.25112,0.0,0.25112,0.74888
105,32224664674654209904336742478919,16,193,193,0.20853,0.20853,0.0,0.20853,0.79147
105,38888043709377404626388541383483,16,221,199,0.01752,0.07276,0.5856000000000002,0.6031200000000002,0.3968799999999998
105,37009407280774650790499260263881,16,197,197,0.51221,0.51221,0.0,0.51221,0.48778999999999995
105,37098336526679888801936741053211,16,258,258,0.38184,0.38184,0.0,0.38184,0.61816
105,34370992466919728649243648913331,16,222,213,0.03829,0.06522,0.41355,0.45183999999999996,0.54816
105,34352566608660647983276179455849,16,383,373,0.05298,0.12441,0.23792,0.2909,0.7091000000000001
105,34294993237791446151823592168071,16,238,238,0.18473,0.18473,0.0,0.18473,0.8152699999999999
105,39998389885466742849067031088581,16,203,203,0.67095,0.67095,0.0,0.67095,0.32904999999999995
105,28232965497483789169796285344019,16,252,252,0.44592,0.44592,0.0,0.44592,0.55408
105,40306994402295752788064120593679,16,305,305,0.21229,0.21229,0.0,0.21229,0.78771
105,28411975429580519525152886857699,16,234,231,0.2934,0.15779,0.15779,0.45119,0.54881
105,35501618161037626618508706024481,16,252,252,0.63187,0.63187,0.0,0.63187,0.36812999999999996
105,33170955775743612151530829350281,16,290,279,0.23742,0.20126,0.20126,0.43867999999999996,0.56132
105,37036272981451723018536110407471,16,199,188,0.22566,0.29351,0.29351,0.51917,0.48083
105,40478720143557965562932133161701,16,200,200,0.31743,0.31743,0.0,0.31743,0.68257
105,31511436691987667919975668168303,16,255,255,0.21336,0.21336,0.0,0.21336,0.78664
105,32970328503068279767677543090857,16,243,242,0.29959,0.11231,0.11231,0.41190000000000004,0.5881
105,24653710870617423047043615836719,16,242,242,0.3631,0.3631,0.0,0.3631,0.6369
105,38032951145324682717405206783821,16,305,289,0.10424,0.19165,0.52008,0.62432,0.37568
105,38151088814917136926632646568591,16,236,236,0.53017,0.53017,0.0,0.53017,0.46982999999999997
105,40498201963261138403325366973213,16,259,252,0.03946,0.21655000000000002,0.21655000000000002,0.25601,0.7439899999999999
105,36463611059556964963758983151589,16,230,229,0.17054,0.09876,0.09876,0.2693,0.7307
105,36982369440391628366865799082291,16,252,225,0.08517,0.05279,0.48727000000000004,0.5724400000000001,0.42755999999999994
105,23944215821372926735941807239873,16,317,291,0.11453,0.18856,0.23001,0.34454,0.6554599999999999
105,38788262398428494767998772359311,16,196,196,0.45212,0.45212,0.0,0.45212,0.5478799999999999
105,34693334782633127717007148910819,16,209,209,0.29169,0.29169,0.0,0.29169,0.70831
105,29762706324434968772974805924603,16,211,211,0.42132,0.42132,0.0,0.42132,0.5786800000000001
106,57214772547348807926858823223813,16,196,196,0.15551,0.15551,0.0,0.15551,0.84449
106,81128713040704160535920534241907,16,265,265,0.39273,0.39273,0.0,0.39273,0.60727
106,64724334781288253569153513230929,16,292,279,0.04167,0.08884,0.24614,0.28781,0.71219
106,80946882772858583922084236194477,16,241,241,0.63281,0.63281,0.0,0.63281,0.36719
106,80966545574741567145223506202247,16,192,192,0.3272,0.3272,0.0,0.3272,0.6728000000000001
106,79743977876554068981655331041867,16,208,208,0.33006,0.33006,0.0,0.33006,0.66994
106,64828134852858274909643779620283,16,320,293,0.14791,0.06033,0.11661,0.26452000000000003,0.7354799999999999
106,50555450137478238252212676423853,16,293,279,0.09528,0.05283,0.08035,0.17563,0.82437
106,55493413653619346254714615488889,16,293,293,0.31783,0.31783,0.0,0.31783,0.6821699999999999
106,55656726341997573017878968313441,16,282,235,0.03316,0.18353,0.5947499999999999,0.6279099999999999,0.37209000000000014
106,72912242814657624812263918713631,16,399,384,0.07808,0.18018,0.22258,0.30066,0.6993400000000001
106,62186972956045148300695723292587,16,278,264,0.05991,0.15698,0.38752000000000003,0.44743000000000005,0.55257
106,54111088629516480070863460915999,16,315,315,0.23487,0.23487,0.0,0.23487,0.76513
106,58261931900874629539705846063639,16,292,292,0.04898,0.04898,0.0,0.04898,0.95102
106,68498873890214495134163016243539,16,286,286,0.25087,0.25087,0.0,0.25087,0.7491300000000001
106,73810109589820345625237012120171,16,219,219,0.24286,0.24286,0.0,0.24286,0.75714
106,79857695586109457051454938090137,16,233,211,0.16984,0.0792,0.0792,0.24903999999999998,0.7509600000000001
106,72604024666450856174175333415399,16,266,266,0.45363,0.45363,0.0,0.45363,0.54637
106,80518202202443928686796192230453,16,261,261,0.50997,0.50997,0.0,0.50997,0.49002999999999997
106,45549621105829351397870603000371,16,341,325,0.19926,0.05611,0.07729,0.27654999999999996,0.72345
106,66576469472996474414968267817239,16,257,257,0.36789,0.36789,0.0,0.36789,0.63211
106,69770798644838107134504235275301,16,222,200,0.13507,0.16733,0.20901,0.34408,0.6559200000000001
106,67598555926967397624240127658839,16,279,279,0.29853,0.29853,0.0,0.29853,0.70147
106,72003764303668307826516072508723,16,244,226,0.05543,0.18579,0.44521,0.50064,0.49936
106,78600521742238767516671100656843,16,223,212,0.05478,0.15376,0.25717999999999996,0.31195999999999996,0.68804
106,65087333882398084788424053688441,16,330,326,0.04499,0.0528,0.14445,0.18944,0.81056
106,78519738243363472210273753591171,16,347,347,0.07466,0.07466,0.0,0.07466,0.92534
106,79035169831178485461290502240007,16,321,317,0.27157,0.13935,0.13935,0.41091999999999995,0.58908
106,78646775335762796688549659291507,16,278,278,0.44868,0.44868,0.0,0.44868,0.55132
106,77364457944204143048272425450971,16,209,209,0.36091,0.36091,0.0,0.36091,0.6390899999999999
106,73460285969485391491257565453759,16,290,290,0.54739,0.54739,0.0,0.54739,0.45260999999999996
106,76057000305274773486704224519723,16,263,256,0.35379,0.04249,0.1288,0.48258999999999996,0.51741
106,51529255792856666677310744022001,16,364,352,0.07229,0.07915,0.19224,0.26453,0.7354700000000001
106,73797902842620829578587839860589,16,249,227,0.19292,0.14697,0.46548,0.6584,0.3416
106,61456545469255447089403593365731,16,508,499,0.09778,0.06933,0.37128,0.46906000000000003,0.53094
107,128023425197533140535092595906669,16,269,256,0.19409,0.17515999999999998,0.27840000000000004,0.4724900000000001,0.5275099999999999
107,160113585824367094363000939656551,16,299,299,0.41528,0.41528,0.0,0.41528,0.58472
107,134630735500246929169004317238939,16,219,219,0.24976,0.24976,0.0,0.24976,0.75024
107,113034790685539459236059850288737,16,272,272,0.12285,0.12285,0.0,0.12285,0.87715
107,152594856980749245679763529589163,16,311,309,0.44892000000000004,0.0552,0.0552,0.50412,0.49588
107,149037080800003324602094982703293,16,274,247,0.0036999999999999997,0.04152,0.29262999999999995,0.2963299999999999,0.70367
107,138335597887083356449312382659721,16,422,422,0.08772,0.08772,0.0,0.08772,0.91228
107,122893011530648409241117099649947,16,299,299,0.29064,0.29064,0.0,0.29064,0.70936
107,154395373795391122258245972063901,16,284,284,0.4126,0.4126,0.0,0.4126,0.5873999999999999
107,161921700458289896509310640615101,16,250,250,0.3785,0.3785,0.0,0.3785,0.6214999999999999
107,114628919494834548433501192449787,16,299,281,0.09414,0.21719,0.504,0.59814,0.40186
107,118702720499216075611713461124307,16,364,364,0.12482,0.12482,0.0,0.12482,0.87518
107,154568983782619648002100330474283,16,285,284,0.23566,0.0353,0.0353,0.27096,0.72904
107,156037310420678241163994150176231,16,312,308,0.0627,0.26723,0.26723,0.32993000000000006,0.6700699999999999
107,155483550943831506908135491918637,16,239,227,0.13062,0.08116,0.29383000000000004,0.42445000000000005,0.57555
107,115088446734752480309662026529441,16,263,263,0.16489,0.16489,0.0,0.16489,0.83511
107,135872228290389320975768193832169,16,204,204,0.46474,0.46474,0.0,0.46474,0.5352600000000001
107,111325646656058044607033261927059,16,356,356,0.20636,0.20636,0.0,0.20636,0.79364
107,102210916101198469820794951008661,16,306,300,0.12778,0.13777,0.31928,0.44706,0.55294
107,137848470633873356321055309464341,16,202,202,0.52024,0.52024,0.0,0.52024,0.47975999999999996
107,143156822321661351745230539918503,16,338,323,0.09419,0.02114,0.48603999999999997,0.58023,0.41977
107,144751379038284100427676398616041,16,328,328,0.41279,0.41279,0.0,0.41279,0.58721
107,150726912178141650005125411608329,16,350,345,0.03466,0.49056,0.49056,0.52522,0.47478
107,154812172841216995941192393078533,16,286,278,0.11116,0.27091,0.27091,0.38206999999999997,0.6179300000000001
107,161408989236275332709920317394799,16,285,279,0.18997,0.01964,0.12592,0.31589,0.68411
107,147759090146298377427706764952597,16,234,230,0.1382,0.23999,0.23999,0.37819,0.62181
107,137046451585198025448513048560627,16,266,266,0.42837,0.42837,0.0,0.42837,0.5716300000000001
107,101561143932399443368530755519423,16,240,240,0.46532,0.46532,0.0,0.46532,0.53468
107,146093564781047641438589035820437,16,272,271,0.20567,0.12831,0.12831,0.33398,0.6660200000000001
107,123077923862571443284040089292807,16,365,311,0.00365,0.15302,0.6993500000000001,0.7030000000000002,0.2969999999999998
107,139915015714439210745392979124589,16,270,270,0.33648,0.33648,0.0,0.33648,0.66352
107,158194549267394551345468004715989,16,253,253,0.40523,0.40523,0.0,0.40523,0.59477
107,119822700549028576163246012504021,16,235,235,0.23298,0.23298,0.0,0.23298,0.76702
107,111082101201615330457660982502319,16,223,221,0.14936,0.11307,0.11307,0.26243,0.7375700000000001
107,126441404348307629468747468516641,16,283,283,0.6544099999999999,0.6544099999999999,0.0,0.6544099999999999,0.34559000000000006
108,257623874895600258013118335581271,16,307,290,0.16821,0.05043,0.36505,0.53326,0.46674000000000004
108,244114094216004159244068146082227,16,332,332,0.37478,0.37478,0.0,0.37478,0.62522
108,280003229526871487155713534541133,16,265,250,0.24658,0.06669,0.40629000000000004,0.6528700000000001,0.34712999999999994
108,293792267820989812182398920284887,16,278,252,0.09564,0.16878,0.5687800000000001,0.66442,0.33558
108,209356595721159203348023096639091,16,248,248,0.38907,0.38907,0.0,0.38907,0.61093
108,291073424054521183848615751099799,16,223,210,0.18242,0.12672,0.17615,0.35857,0.64143
108,272462670912773639723183933870537,16,203,203,0.3465,0.3465,0.0,0.3465,0.6535
108,320121331223653223231932271835449,16,270,256,0.02453,0.03443,0.6076899999999998,0.6322199999999999,0.3677800000000001
108,276753743464421422096951999605379,16,283,283,0.45311,0.45311,0.0,0.45311,0.54689
108,204390768426037738063850904598723,16,260,245,0.15611,0.05407,0.25976,0.41586999999999996,0.58413
108,180757252015906635335643377800699,16,260,260,0.36806,0.36806,0.0,0.36806,0.63194
108,308394239264654524330669961383381,16,233,214,0.19004,0.09058,0.58236,0.7724,0.22760000000000002
108,264922061909117140645004655827351,16,404,404,0.10454,0.10454,0.0,0.10454,0.89546
108,313424787675077661341971496399677,16,300,272,0.10636000000000001,0.09291,0.59676,0.70312,0.29688000000000003
108,236867810419532022138407186383843,16,250,250,0.53123,0.53123,0.0,0.53123,0.46877
108,288905804448146621739063030703483,16,272,272,0.29304,0.29304,0.0,0.29304,0.70696
108,321040841588589357460989870934319,16,263,263,0.31545,0.31545,0.0,0.31545,0.68455
108,276050803078417455235118410781623,16,254,248,0.0653,0.07593,0.07593,0.14123,0.85877
108,221173096385978516531002437409199,16,212,208,0.30859,0.0709,0.0709,0.37949,0.62051
108,306462765211367933036352510425471,16,481,455,0.017150000000000002,0.12007,0.49234,0.50949,0.49051
108,304122086468713631515011110403683,16,215,207,0.20503,0.20642,0.20642,0.41145,0.58855
108,305172922984719347094194991298087,16,242,222,7e-05,0.11382,0.33632999999999996,0.3364,0.6636
108,206876663808702691070659428850259,16,197,197,0.24458,0.24458,0.0,0.24458,0.75542
108,274106636305634610739064362312051,16,227,222,0.08166000000000001,0.0453,0.0453,0.12696000000000002,0.87304
108,296164525231486472472183114506639,16,223,223,0.06748,0.06748,0.0,0.06748,0.93252
108,243308261418093880222009032905461,16,259,259,0.25409,0.25409,0.0,0.25409,0.7459100000000001
108,262466400678501254500713593422499,16,210,210,0.16402,0.16402,0.0,0.16402,0.83598
108,275647461951390122549859952640857,16,231,231,0.1798,0.1798,0.0,0.1798,0.8202
108,177666404173535167598385528847771,16,217,215,0.07182,0.07354,0.07354,0.14536,0.8546400000000001
108,313273788359492588008423427624089,16,470,464,0.17324,0.04445,0.12714,0.30038,0.69962
108,226191316368312457085971063864979,16,427,416,0.0547,0.04238,0.39813000000000004,0.45283000000000007,0.5471699999999999
108,253629512334855192070712454538817,16,380,357,0.04893,0.10984,0.40969,0.45862,0.54138
108,211215409932740665589679735734537,16,388,388,0.06675,0.06675,0.0,0.06675,0.93325
108,267361115617385780745283277755213,16,240,218,0.08128,0.07612,0.32818,0.40946000000000005,0.59054
108,192742876399186980346530812125913,16,247,247,0.21201,0.21201,0.0,0.21201,0.78799
109,446508556519166634154574443947287,16,243,243,0.34844,0.34844,0.0,0.34844,0.6515599999999999
109,383491871729367244907107151276009,16,242,238,0.4339,0.06995,0.19236999999999999,0.62627,0.37373
109,435650046735909245405686472966143,16,427,427,0.3765,0.3765,0.0,0.3765,0.6234999999999999
109,470504498181403233168634914772129,16,301,289,0.18055,0.12119,0.23856000000000002,0.41911,0.58089
109,499449602448224453086319280706933,16,294,284,0.09701,0.03662,0.20848,0.30549,0.69451
109,411675088713555301357938068934077,16,212,212,0.20602,0.20602,0.0,0.20602,0.79398
109,447511530741927039291485978293243,16,266,265,0.03071,0.11735,0.11735,0.14806,0.85194
109,571143331310137994329721506167553,16,363,363,0.41959,0.41959,0.0,0.41959,0.58041
109,473932857313831110284329475070559,16,314,314,0.38276,0.38276,0.0,0.38276,0.61724
109,611755100608857107899659309179237,16,317,311,0.31714,0.11551,0.11551,0.43265,0.56735
109,450158521162204022833887296410937,16,305,279,0.05434,0.0489,0.44049,0.49483,0.50517
109,584200865616832281481064230740629,16,304,280,0.0525,0.2551,0.38229,0.43479,0.56521
109,486197289097374680804337702145711,16,498,467,0.05946,0.07044,0.6367799999999998,0.6962399999999997,0.30376000000000025
109,615281048114401063956143072906567,16,362,347,0.12588,0.23153,0.32945,0.45533,0.54467
109,592607744290563782135641705813297,16,239,225,0.18457,0.20717,0.20717,0.39174,0.60826
109,514533302295130539011914142634721,16,221,221,0.50574,0.50574,0.0,0.50574,0.49426000000000003
109,485255618463678302184841176207689,16,287,287,0.16089,0.16089,0.0,0.16089,0.83911
109,586534309164231505324881625896239,16,297,297,0.22131,0.22131,0.0,0.22131,0.77869
109,619263385906187950604854633312849,16,247,233,0.15585,0.23487,0.32915,0.485,0.515
109,612722589498738932321957192837923,16,364,360,0.17674,0.14855,0.14855,0.32528999999999997,0.67471
109,425749654915900965454655207639683,16,273,273,0.45121,0.45121,0.0,0.45121,0.54879
109,604546397534752821557605254020489,16,239,239,0.40289,0.40289,0.0,0.40289,0.59711
109,630749434514093944050159380191709,16,251,236,0.09572,0.4751,0.4751,0.57082,0.42918
109,587449345569143502911422872572219,16,277,277,0.33143,0.33143,0.0,0.33143,0.66857
109,642939876272417661504164997982447,16,391,360,0.049170000000000005,0.12909,0.6947800000000001,0.7439500000000001,0.2560499999999999
109,517090406828083981572557438777459,16,193,193,0.47168,0.47168,0.0,0.47168,0.52832
109,638953722231757843298018051641723,16,508,486,0.10324,0.14379,0.19609,0.29933,0.70067
109,613928374434003115402523491892137,16,360,352,0.22127,0.21031,0.21031,0.43157999999999996,0.56842
109,575869180033268797148420511754219,16,241,235,0.3491,0.07934,0.07934,0.42844000000000004,0.57156
109,409046129731346462712717643009547,16,301,301,0.23112,0.23112,0.0,0.23112,0.76888
109,461353221726012350732368685552587,16,310,310,0.31987,0.31987,0.0,0.31987,0.68013
109,646248186539326307292212304086189,16,195,195,0.24121,0.24121,0.0,0.24121,0.75879
109,409066461913325418894660029069513,16,212,212,0.26066,0.26066,0.0,0.26066,0.73934
109,564014260442793751369194998181779,16,281,245,0.14151,0.31719,0.6263,0.76781,0.23219
109,614471300498578259535168720676471,16,264,264,0.07388,0.07388,0.0,0.07388,0.92612
110,1145060244163563753602135149179989,16,226,212,0.20248,0.16793,0.16793,0.37041,0.62959
110,938637347145383235913544727672181,16,274,267,0.08729,0.30104,0.4103,0.49759,0.50241
110,1162793059118536120073684327018131,16,295,295,0.23092,0.23092,0.0,0.23092,0.76908
110,865079023554391639842364800312187,16,214,212,0.40179,0.15378,0.15378,0.55557,0.44443
110,1225439649384315664517679569664421,16,270,270,0.42812,0.42812,0.0,0.42812,0.5718799999999999
110,961090970292018138186030992132183,16,212,212,0.35864,0.35864,0.0,0.35864,0.6413599999999999
110,1038388905129717524473779879186313,16,207,207,0.22881,0.22881,0.0,0.22881,0.77119
110,1177232982978395144425032820771973,16,220,220,0.45625,0.45625,0.0,0.45625,0.54375
110,987592981252810087603844850295727,16,236,236,0.07168,0.07168,0.0,0.07168,0.92832
110,669530649853993900318818163169587,16,266,251,0.00969,0.10181,0.25408,0.26376999999999995,0.73623
110,1266907085115050536488601548542917,16,210,210,0.53551,0.53551,0.0,0.53551,0.46448999999999996
110,1265728900556879768765768726662283,16,251,250,0.2368,0.13669,0.13669,0.37349,0.62651
110,1195480185332579918452074010493477,16,223,223,0.26223,0.26223,0.0,0.26223,0.73777
110,955743449972274872303595016993151,16,446,446,0.09862,0.09862,0.0,0.09862,0.90138
110,1171316611625891656018683106190461,16,248,240,0.16944,0.1593,0.22958,0.39902000000000004,0.60098
110,1246660586924157979827691301464093,16,243,243,0.54087,0.54087,0.0,0.54087,0.45913000000000004
110,1198699071434843737503357250624783,16,379,372,0.23704,0.14031,0.14031,0.37734999999999996,0.62265
110,1171583903593570899789419750626333,16,236,236,0.39622,0.39622,0.0,0.39622,0.60378
110,1053746613813793853646291733287533,16,303,295,0.09727999999999999,0.09819,0.15954000000000002,0.25682,0.74318
110,1023967826438407686805431419165801,16,201,201,0.44611,0.44611,0.0,0.44611,0.55389
110,846073618430446351641118744844123,16,251,251,0.19854,0.19854,0.0,0.19854,0.8014600000000001
110,974529815275522943168983889502779,16,219,219,0.40981,0.40981,0.0,0.40981,0.59019
110,853448250320673330770204984292163,16,356,356,0.1977,0.1977,0.0,0.1977,0.8023
110,1255371980887549213733335661997911,16,230,230,0.29098,0.29098,0.0,0.29098,0.70902
110,935292475368959038042212700472309,16,446,445,0.07719,0.01673,0.01673,0.09391999999999999,0.90608
110,1060751185087140052206923961725221,16,275,275,0.29769,0.29769,0.0,0.29769,0.70231
110,748219958176981178635648971761051,16,309,309,0.22288,0.22288,0.0,0.22288,0.77712
110,1172936622841674479111121967205981,16,263,263,0.38887,0.38887,0.0,0.38887,0.61113
110,928685588316940917812253592454863,16,335,323,0.28004,0.14824,0.14824,0.42828,0.57172
110,976192310135014973784449638268479,16,215,215,0.11642,0.11642,0.0,0.11642,0.88358
110,1187532123600627716521689127703029,16,205,205,0.08342,0.08342,0.0,0.08342,0.91658
110,1249086250619893562949953281206031,16,238,238,0.14264,0.14264,0.0,0.14264,0.85736
110,1288168045512119675128338845141561,16,253,253,0.30364,0.30364,0.0,0.30364,0.69636
110,1126266322581733183623154593432623,16,238,238,0.24276,0.24276,0.0,0.24276,0.75724
110,810869667543621928419533287881179,16,290,283,0.32353,0.25584,0.25584,0.5793699999999999,0.42063000000000006
111,1790460831897352804014887920779859,16,258,258,0.05865,0.05865,0.0,0.05865,0.94135
111,1833286066121248195158500834215039,16,351,331,0.03755,0.04666,0.6235700000000002,0.6611200000000002,0.33887999999999985
111,2350839848557166461787539390523063,16,263,246,0.12051,0.07124,0.34906000000000004,0.46957000000000004,0.53043
111,2573031581930723664875019352466041,16,209,209,0.19799,0.19799,0.0,0.19799,0.80201
111,1885417784292320178386975835590059,16,232,232,0.5041,0.5041,0.0,0.5041,0.4959
111,2267989544941147354365704619309703,16,232,228,0.07997,0.33615,0.33615,0.41612,0.58388
111,2199511750961586349386941154277087,16,373,354,0.04151,0.01641,0.52444,0.5659500000000001,0.43404999999999994
111,2306805362069175024591158450628307,16,307,282,0.06416,0.2035,0.53878,0.60294,0.39705999999999997
111,2448261679816746097385152088298623,16,314,314,0.47534,0.47534,0.0,0.47534,0.52466
111,2355568568805959989197968946864791,16,249,249,0.50841,0.50841,0.0,0.50841,0.49158999999999997
111,1715944740089781149730672786619103,16,396,395,0.24528999999999998,0.03256,0.03256,0.27785,0.7221500000000001
111,2423719817997491586912479950773487,16,274,265,0.2224,0.28705,0.28705,0.50945,0.49055000000000004
111,2336390976443541214133156596524331,16,213,212,0.1409,0.16098,0.16098,0.30188000000000004,0.69812
111,2151152378316586787187844496948813,16,524,524,0.39993,0.39993,0.0,0.39993,0.60007
111,2124762092610043249644984196253951,16,206,206,0.38389,0.38389,0.0,0.38389,0.6161099999999999
111,1408196301910500536262099600434459,16,303,301,0.46279000000000003,0.13042,0.13042,0.59321,0.40679
111,2494388808757232451714612308102371,16,440,440,0.10716,0.10716,0.0,0.10716,0.89284
111,2141454294015913787964277087140721,16,327,327,0.07975,0.07975,0.0,0.07975,0.92025
111,2434107155991694733513771040415669,16,348,348,0.23793,0.23793,0.0,0.23793,0.76207
111,2308236452521552842026180530705213,16,285,276,0.12743,0.08731,0.08731,0.21474,0.7852600000000001
111,2585842697707869471194226753021607,16,286,286,0.19571,0.19571,0.0,0.19571,0.80429
111,2413177554934630949996275014400483,16,315,315,0.2396,0.2396,0.0,0.2396,0.7604
111,2292652186506795721591000456143871,16,485,460,0.16271,0.16474,0.27069,0.4334,0.5666
111,1901476624313122380074011972566329,16,348,338,0.03773,0.15768,0.3725,0.41023,0.58977
111,2559274237028105643211214850274093,16,221,221,0.58554,0.58554,0.0,0.58554,0.41446000000000005
111,1582342332156622873109842083307517,16,279,279,0.27213,0.27213,0.0,0.27213,0.72787
111,2281978655982816031937736644497969,16,377,377,0.22227,0.22227,0.0,0.22227,0.77773
111,2374829366307193324738560290472779,16,464,430,0.0079,0.0505,0.45503,0.46293,0.5370699999999999
111,2525594203635492010231026558285961,16,252,252,0.12801,0.12801,0.0,0.12801,0.87199
111,2505001366884974395674988882242041,16,391,391,0.12305,0.12305,0.0,0.12305,0.87695
111,1994273911660750633755152323432837,16,465,465,0.13961,0.13961,0.0,0.13961,0.86039
111,1840815399215105322524693237787547,16,409,408,0.19296,0.08565,0.08565,0.27861,0.72139
111,2063229068435767350314567143913717,16,480,452,0.05721,0.15524,0.54291,0.60012,0.39988
111,1571101916199819543169845924465629,16,357,357,0.11412,0.11412,0.0,0.11412,0.88588
111,2436945121949464903972710705563111,16,227,218,0.2409,0.40932999999999997,0.40932999999999997,0.65023,0.34977
112,5086385697458962405203638717734789,16,257,253,0.37845,0.20535,0.20535,0.5838,0.4162
112,3553249405756441787679366578187593,16,276,273,0.18987,0.26254,0.26254,0.45241,0.54759
112,3702599612860675974621019197478447,16,268,268,0.4983,0.4983,0.0,0.4983,0.5017
112,4503684788113408292792150193408973,16,295,286,0.0655,0.06806,0.2834,0.3489,0.6511
112,4488506350384396077246226590559237,16,291,291,0.65447,0.65447,0.0,0.65447,0.34553
112,4356051004833241552255790750844157,16,329,329,0.55482,0.55482,0.0,0.55482,0.44518
112,3431312621903884471333392056478187,16,504,479,0.08076,0.17639,0.45607,0.5368299999999999,0.4631700000000001
112,4789683879257312237164599744494483,16,242,242,0.22433,0.22433,0.0,0.22433,0.77567
112,4841732976786095733801792407925151,16,217,217,0.31947,0.31947,0.0,0.31947,0.6805300000000001
112,4954761495010659974004613973438059,16,214,214,0.31539,0.31539,0.0,0.31539,0.6846099999999999
112,4550945823272990250928157295834769,16,245,245,0.19754,0.19754,0.0,0.19754,0.80246
112,4612101298461920405412322815056089,16,244,237,0.33738,0.26907,0.26907,0.6064499999999999,0.39355000000000007
112,4409472378368108159908633710915383,16,293,276,0.03944,0.03255,0.43524999999999997,0.47468999999999995,0.52531
112,3089939590929940489839818949811157,16,228,228,0.20485,0.20485,0.0,0.20485,0.79515
112,4563342733443330319398635750332339,16,244,244,0.46266,0.46266,0.0,0.46266,0.5373399999999999
112,2996556393174510303477250760859613,16,200,200,0.5255,0.5255,0.0,0.5255,0.47450000000000003
112,4418161182279381011040252688266017,16,373,368,0.05688,0.13818,0.13818,0.19506,0.80494
112,4855786743526949452315516476912821,16,395,363,0.12032,0.06867,0.5095399999999999,0.6298599999999999,0.37014000000000014
112,3887284236640966834782893881025983,16,239,234,0.06237,0.34997,0.34997,0.41234,0.5876600000000001
112,3909026683203243922202131693129859,16,258,258,0.46065,0.46065,0.0,0.46065,0.53935
112,3624384446400654906817339381901377,16,279,278,0.18241000000000002,0.03219,0.03219,0.2146,0.7854
112,4606068725734608107131961022497221,16,302,302,0.60558,0.60558,0.0,0.60558,0.39442
112,3417407582650247154483392328300673,16,407,407,0.14337,0.14337,0.0,0.14337,0.85663
112,3786695212367903122240448276646547,16,308,308,0.42645,0.42645,0.0,0.42645,0.57355
112,5128968838339882164270283459193003,16,271,253,0.05194,0.11619,0.12929000000000002,0.18123,0.81877
112,4367246733674492874822474451747171,16,332,332,0.31887,0.31887,0.0,0.31887,0.68113
112,4666079837546958697957397327209381,16,268,268,0.33269,0.33269,0.0,0.33269,0.6673100000000001
112,5128900858518090206991491196814991,16,329,329,0.50147,0.50147,0.0,0.50147,0.49853000000000003
112,4966660187126030456905342052708701,16,351,340,0.12434,0.13379,0.28454,0.40888,0.59112
112,4190177651745274418954910751117963,16,374,362,0.25237,0.20102,0.20102,0.45338999999999996,0.54661
112,5038093842188792794436642065322029,16,258,247,0.12692,0.15604,0.15604,0.28296,0.71704
112,4692382172719180310224077998936509,16,216,213,0.24379,0.12548,0.12548,0.36927,0.63073
112,3665896580519265152639892388954913,16,279,271,0.23519,0.32282,0.32282,0.55801,0.44199
112,4151236847353791247947540903204301,16,236,234,0.35652,0.34218,0.34218,0.6987,0.3013
112,4151948221259706126052076324489801,16,296,296,0.16149,0.16149,0.0,0.16149,0.83851
113,6562427737305374240466110295530989,16,213,213,0.2891,0.2891,0.0,0.2891,0.7109
113,8951306808548732252244846897828679,17,349,348,0.0428,0.10087,0.10087,0.14367,0.85633
113,9140743652154593409774704417396297,17,245,220,0.02915,0.07186,0.16491999999999998,0.19407,0.80593
113,7127731840398706111399503378021989,17,529,521,0.12136,0.08623,0.16204000000000002,0.2834,0.7166
113,7429095328600151213679936316162727,17,309,309,0.13904,0.13904,0.0,0.13904,0.86096
113,6635085947206480328783780668333093,16,254,254,0.24741,0.24741,0.0,0.24741,0.75259
113,9685556422273996402811671020758123,17,212,212,0.37783,0.37783,0.0,0.37783,0.62217
113,10045474795676894043382592470878949,17,302,302,0.3482,0.3482,0.0,0.3482,0.6517999999999999
113,9463965781767496612355476561880249,17,277,277,0.43672,0.43672,0.0,0.43672,0.56328
113,9365650716541399580035523365676689,17,275,275,0.44261,0.44261,0.0,0.44261,0.55739
113,10199896200871770130474183054117919,17,343,339,0.26589,0.21914,0.21914,0.48503,0.5149699999999999
113,7371875539337660011866599608487099,17,226,209,0.26494,0.16648,0.16648,0.43142,0.56858
113,10007703875764713667117419428384057,17,218,218,0.65244,0.65244,0.0,0.65244,0.34756
113,9484703955153291997134458258115281,17,267,267,0.04618,0.04618,0.0,0.04618,0.95382
113,9359832513541011841162826266256129,17,477,477,0.39339,0.39339,0.0,0.39339,0.60661
113,10119976207981010157217293793831949,17,363,346,0.09417,0.04167,0.26813,0.36229999999999996,0.6377
113,5806754704812878193859240865058791,16,245,245,0.67082,0.67082,0.0,0.67082,0.32918000000000003
113,9230006669966586382931486941683361,17,211,211,0.50589,0.50589,0.0,0.50589,0.49411000000000005
113,9231602790473153830430050912268089,17,256,256,0.36048,0.36048,0.0,0.36048,0.63952
113,9872477981019084924487790530748159,17,344,344,0.51179,0.51179,0.0,0.51179,0.48821000000000003
113,9092862159157170687737905833065963,17,256,243,0.21534999999999999,0.10095,0.14227,0.35762,0.64238
113,10110401116445215853305023323097593,17,250,250,0.37482,0.37482,0.0,0.37482,0.6251800000000001
113,9990344669294974890555598856803589,17,218,218,0.46881000000000006,0.46881000000000006,0.0,0.46881000000000006,0.5311899999999999
113,7375108959184613836926789126062921,17,202,202,0.42555,0.42555,0.0,0.42555,0.57445
113,9213626968943791689809039625088133,17,231,231,0.27815,0.27815,0.0,0.27815,0.72185
113,9961344391543313926513652631335237,17,299,299,0.07511,0.07511,0.0,0.07511,0.92489
113,6624095697367436022146744449709993,16,291,266,0.02256,0.15041,0.27091,0.29347,0.70653
113,10229728100731376472598554602926939,17,224,224,0.12913,0.12913,0.0,0.12913,0.87087
113,7381548099431195512558812325006157,17,196,196,0.29986,0.29986,0.0,0.29986,0.70014
113,7191624490112761650338246011659223,17,262,252,0.03878,0.13368,0.23970999999999998,0.27848999999999996,0.7215100000000001
113,8721130640041950295603535707832557,17,289,275,0.00162,0.23059,0.66933,0.6709499999999999,0.32905000000000006
113,8280745766229509387502018852709673,17,421,396,0.048909999999999995,0.04397,0.34432000000000007,0.3932300000000001,0.6067699999999999
113,8064117310147300709728843421602381,17,237,237,0.07023,0.07023,0.0,0.07023,0.92977
113,9358768640720627788200822201568729,17,271,262,0.07495,0.01539,0.05673,0.13168000000000002,0.86832
113,8329003602592743486789096713642629,17,293,290,0.15203,0.1038,0.28825,0.44028,0.55972
114,17026351700603992233006300248056913,17,389,388,0.05369,0.05213,0.05213,0.10582,0.89418
114,19038101156136141909393841303008901,17,351,347,0.33458,0.20841,0.20841,0.54299,0.45701
114,19059485341824738085174630883511031,17,432,429,0.3542,0.15472,0.15472,0.50892,0.49107999999999996
114,13458727739503724377885940705616833,17,271,255,0.18452,0.18481,0.18481,0.36933,0.6306700000000001
114,17969898660772305155462691916999097,17,329,305,0.04653,0.11306,0.46634,0.5128699999999999,0.48713000000000006
114,15863537287115332087201069832778391,17,274,260,0.11693,0.26715,0.26715,0.38408,0.61592
114,12992147379040043440175631329854163,17,278,278,0.42152,0.42152,0.0,0.42152,0.57848
114,19924341050641343464911311505985673,17,242,241,0.14628,0.32199,0.32199,0.46826999999999996,0.53173
114,13485910515234245505781129905383899,17,368,368,0.53044,0.53044,0.0,0.53044,0.46956
114,19538810754227757066192495565941803,17,289,289,0.23167,0.23167,0.0,0.23167,0.76833
114,14374476211797202286076282889695521,17,360,360,0.28921,0.28921,0.0,0.28921,0.71079
114,15236121019571128975983661117410821,17,275,275,0.31033,0.31033,0.0,0.31033,0.68967
114,17229859817158946130770705050067753,17,293,293,0.12892,0.12892,0.0,0.12892,0.87108
114,12507676486097998203857019470764291,17,311,311,0.20043,0.20043,0.0,0.20043,0.79957
114,19730103642824056836056457237168919,17,308,308,0.06901,0.06901,0.0,0.06901,0.93099
114,16195277258364713843925469811264609,17,327,303,0.03475,0.43087,0.52034,0.5550900000000001,0.4449099999999999
114,16906101284408028578416622978982959,17,371,363,0.15012,0.08602,0.41689,0.56701,0.43299
114,20648176868994964392327296982594341,17,263,263,0.0255,0.0255,0.0,0.0255,0.9745
114,16529304997286514033832467939806947,17,299,299,0.32069,0.32069,0.0,0.32069,0.6793100000000001
114,10520438040068164789869713465336327,17,206,194,0.13652,0.14214,0.14214,0.27866,0.72134
114,20400548803644107580396146627979589,17,281,251,0.12327,0.16466,0.27352,0.39679,0.60321
114,14326428975931918259938756488123121,17,324,324,0.21922,0.21922,0.0,0.21922,0.78078
114,15200198409479902542927540292678123,17,231,214,0.03954,0.19395,0.19395,0.23349,0.76651
114,18544135984802298211786199015011741,17,254,254,0.14934,0.14934,0.0,0.14934,0.85066
114,18384003275271957048103795690837477,17,330,319,0.08629,0.11146,0.21105000000000002,0.29734000000000005,0.70266
114,20211674595141099086222676086329567,17,300,287,0.03389,0.09616,0.48187,0.51576,0.48424
114,17950764592340483195770215699342989,17,248,237,0.16987999999999998,0.27199,0.6117599999999999,0.7816399999999999,0.2183600000000001
114,13560740760838512976570660247871881,17,267,267,0.41046,0.41046,0.0,0.41046,0.58954
114,19298463437337369589124186721562463,17,238,238,0.19959,0.19959,0.0,0.19959,0.8004100000000001
114,19762112362263486326519288490649189,17,263,263,0.26416,0.26416,0.0,0.26416,0.73584
114,15529802422620372923136482968578121,17,230,230,0.51857,0.51857,0.0,0.51857,0.48143
114,18890120693666444719853012722400809,17,398,398,0.09369,0.09369,0.0,0.09369,0.90631
114,14215621066487024097264318169233979,17,277,277,0.21499,0.21499,0.0,0.21499,0.78501
114,14906176104351179239808571267556873,17,240,234,0.17612,0.07791,0.07791,0.25403,0.74597
114,20530656773573107351656964496938523,17,197,197,0.22018,0.22018,0.0,0.22018,0.77982
115,31145693905035341158103348326605301,17,465,465,0.39769,0.39769,0.0,0.39769,0.60231
115,24391451428073596613209783561594037,17,253,251,0.07117,0.055499999999999994,0.15633999999999998,0.22751,0.77249
115,22930236268619298068348831175711491,17,238,228,0.18415,0.06975,0.06975,0.2539,0.7461
115,40908352339588876449607639531263307,17,303,303,0.06058,0.06058,0.0,0.06058,0.93942
115,27703709718792449190274717581332993,17,287,287,0.25749,0.25749,0.0,0.25749,0.74251
115,41104090022792721989792169571459417,17,359,359,0.28562,0.28562,0.0,0.28562,0.71438
115,38405943493380892213912303163873101,17,238,238,0.50199,0.50199,0.0,0.50199,0.49800999999999995
115,22097917432587477959940482254709051,17,233,215,0.20558,0.15707,0.15707,0.36265000000000003,0.63735
115,40562748828371791153947129136081279,17,321,321,0.17388,0.17388,0.0,0.17388,0.82612
115,36816591829998015386856476015590927,17,290,253,0.12169,0.34753,0.34753,0.46922,0.53078
115,38011228201309283593483853940433541,17,205,205,0.49502,0.49502,0.0,0.49502,0.50498
115,35748733048630078031489510189195891,17,243,243,0.27129,0.27129,0.0,0.27129,0.72871
115,39213448657539088753236017334198217,17,321,321,0.14999,0.14999,0.0,0.14999,0.8500099999999999
115,36393508426741212977997960513372181,17,331,331,0.33054,0.33054,0.0,0.33054,0.6694599999999999
115,41079668584994971267313015404837283,17,295,295,0.1388,0.1388,0.0,0.1388,0.8612
115,38856075741054084389969778483817661,17,220,220,0.33751,0.33751,0.0,0.33751,0.66249
115,40424781164791201780824163360545457,17,282,266,0.03978,0.05082,0.10826,0.14804,0.85196
115,36236514536196888173250224611217297,17,324,324,0.3386,0.3386,0.0,0.3386,0.6614
115,37286991772089260776156573426142879,17,303,303,0.21788000000000002,0.21788000000000002,0.0,0.21788000000000002,0.7821199999999999
115,36624272968536628080226358789052659,17,545,523,0.01657,0.01532,0.20218,0.21875,0.78125
115,37064097423877343379829338538705891,17,343,343,0.25992,0.25992,0.0,0.25992,0.7400800000000001
115,31402672809577477523170241933486387,17,510,510,0.4636,0.4636,0.0,0.4636,0.5364
115,23457324779225623959271735336043947,17,253,253,0.1146,0.1146,0.0,0.1146,0.8854
115,39734302886712159470330919993795391,17,259,250,0.16505,0.21422,0.34107,0.50612,0.49388
115,34992965245707595668748667314735327,17,227,227,0.45278,0.45278,0.0,0.45278,0.54722
115,31432844313298411395627942269603069,17,429,429,0.2071,0.2071,0.0,0.2071,0.7928999999999999
115,38793758475160849135672789925772623,17,285,285,0.32407,0.32407,0.0,0.32407,0.6759299999999999
115,41157648769104541945803251596448303,17,370,308,0.01788,0.07385,0.5446799999999999,0.56256,0.43744000000000005
115,31132872221265764938186312516492357,17,212,212,0.69693,0.69693,0.0,0.69693,0.30306999999999995
115,35490342156088041768862394431901293,17,363,362,0.06262,0.07495,0.07495,0.13757,0.86243
115,35145221984634956795030414756358901,17,269,259,0.15753,0.10869,0.10869,0.26622,0.73378
115,38525494748418056928624108571437253,17,240,239,0.11452,0.11605000000000001,0.11605000000000001,0.23057,0.7694300000000001
115,25715728969372143120269461904614129,17,569,547,0.061989999999999996,0.05277,0.4445299999999999,0.50652,0.49348000000000003
115,32476698896376282444634581212578801,17,296,296,0.46883,0.46883,0.0,0.46883,0.5311699999999999
115,34129474316795353409380149909909043,17,240,221,0.10159,0.17134,0.32133,0.42292,0.57708
116,48472904992636609332766890326618317,17,202,202,0.27945,0.27945,0.0,0.27945,0.72055
116,70916898953488068044867647736908279,17,275,257,0.18094,0.12818,0.14026999999999998,0.32121,0.67879
116,60595724491303061977052525593728421,17,324,316,0.10395,0.09558,0.27936999999999995,0.38331999999999994,0.6166800000000001
116,81335481662761731030347402025099493,17,245,245,0.10264,0.10264,0.0,0.10264,0.89736
116,54753120211479009588514663502061089,17,223,218,0.13152,0.3026,0.3026,0.43411999999999995,0.56588
116,60474234278016589645107450969409301,17,457,456,0.1261,0.04476,0.04476,0.17085999999999998,0.82914
116,49611416568526682028967918743209593,17,285,285,0.26411,0.26411,0.0,0.26411,0.7358899999999999
116,62460584314756204132108286916171131,17,315,294,0.05701,0.0768,0.2875599999999999,0.34456999999999993,0.6554300000000001
116,70430562971782003018085088358197869,17,214,214,0.08791,0.08791,0.0,0.08791,0.91209
116,71770534590060232910682167050618559,17,313,312,0.14025,0.0914,0.0914,0.23165000000000002,0.76835
116,80569147522190511339426442760747861,17,211,211,0.49057,0.49057,0.0,0.49057,0.50943
116,77444664226281570168254349818885309,17,384,384,0.18059,0.18059,0.0,0.18059,0.81941
116,68125939159297723592343217012857703,17,232,231,0.26054,0.13974,0.13974,0.40027999999999997,0.59972
116,82072193682393985553660308154239571,17,245,245,0.52975,0.52975,0.0,0.52975,0.47024999999999995
116,75241239159364105022673693747775249,17,289,289,0.167,0.167,0.0,0.167,0.833
116,71082735138229468044501875294251363,17,251,246,0.39819,0.10693,0.10693,0.50512,0.49488
116,69999546649381437936489202627242109,17,282,275,0.25139,0.06794,0.20216,0.45355,0.54645
116,70839173615569664698810647408085421,17,236,236,0.14185,0.14185,0.0,0.14185,0.85815
116,61699370116881031072470141778624829,17,324,324,0.40629,0.40629,0.0,0.40629,0.59371
116,59315935383794458158343810026314207,17,246,246,0.44752,0.44752,0.0,0.44752,0.5524800000000001
116,56088066836294320082418620639247137,17,347,347,0.49508,0.49508,0.0,0.49508,0.50492
116,72555666902897752533972511988156221,17,266,248,0.12849,0.06036,0.11162,0.24011,0.75989
116,81121230890358985505357987721796381,17,259,247,0.08274,0.21458,0.62311,0.7058500000000001,0.2941499999999999
116,82942766166442106511618209853598993,17,372,372,0.25804,0.25804,0.0,0.25804,0.74196
116,52409178270161617062305347569717539,17,260,260,0.14871,0.14871,0.0,0.14871,0.85129
116,69042413668682281109116919585259853,17,261,261,0.34022,0.34022,0.0,0.34022,0.65978
116,71537589768666831439409269189678819,17,290,275,0.10349,0.10907,0.25101,0.35450000000000004,0.6455
116,52049614816917329815431111210692077,17,287,268,0.03987,0.11443,0.5827299999999999,0.6225999999999998,0.3774000000000002
116,67695933297959029978637559593999243,17,242,242,0.70603,0.70603,0.0,0.70603,0.29396999999999995
116,52379110775529035691033731385559759,17,315,310,0.21212,0.11149,0.11149,0.32361,0.67639
116,76098921506234309565269987766759433,17,423,423,0.4487,0.4487,0.0,0.4487,0.5513
116,55236950912188579442312361568784473,17,247,247,0.27869,0.27869,0.0,0.27869,0.72131
116,61718316129032624357496403949129159,17,257,257,0.3818,0.3818,0.0,0.3818,0.6182000000000001
116,76488985012931191856420418313069673,17,222,222,0.25192,0.25192,0.0,0.25192,0.7480800000000001
116,59481095094968392205628319522536139,17,240,235,0.32196,0.36316,0.36316,0.68512,0.31488000000000005
117,139819254855038878036916661979981003,17,381,379,0.0965,0.05224,0.06586,0.16236,0.8376399999999999
117,157948668010470449854010629050995063,17,306,306,0.48131,0.48131,0.0,0.48131,0.51869
117,162214274086897562044489476874385003,17,302,281,0.05743,0.15216,0.38646,0.44389,0.55611
117,123270652903509961228013399836174307,17,324,312,0.05555,0.10481,0.1592,0.21475,0.78525
117,132501031470401912777018687257448281,17,304,304,0.32376,0.32376,0.0,0.32376,0.67624
117,108883607055603812512564918784004331,17,263,247,0.1149,0.20098,0.20098,0.31588,0.6841200000000001
117,110390224925802376999589632847846021,17,303,303,0.56298,0.56298,0.0,0.56298,0.43701999999999996
117,122049108294202840479930675050127359,17,292,292,0.15594,0.15594,0.0,0.15594,0.84406
117,132966430799362900031735112216366629,17,304,304,0.23912,0.23912,0.0,0.23912,0.76088
117,162055445439212974418180345479282979,17,285,283,0.4357,0.07951,0.07951,0.51521,0.48479000000000005
117,151842250633749386650953201437465891,17,311,289,0.16195,0.15339,0.39548,0.55743,0.44257
117,134648016860294927769797248763610791,17,365,363,0.24544000000000002,0.03646,0.03646,0.28190000000000004,0.7181
117,158106961683369161415120360515687591,17,278,278,0.45444,0.45444,0.0,0.45444,0.54556
117,131584717212331898004368312105126131,17,238,218,0.15573,0.11266,0.23312,0.38885000000000003,0.61115
117,149066979695350613636638044920127829,17,346,346,0.10917,0.10917,0.0,0.10917,0.89083
117,148501992342770192463182015436469627,17,284,240,0.08595,0.14493,0.5523299999999999,0.6382799999999998,0.36172000000000015
117,162356005466863866317569821135024617,17,301,301,0.08455,0.08455,0.0,0.08455,0.91545
117,163246678493362422724403939823089027,17,382,381,0.01225,0.12212,0.12212,0.13437000000000002,0.86563
117,128918914858976119516738863950092849,17,375,375,0.18684,0.18684,0.0,0.18684,0.81316
117,130999663158726541489772510969963261,17,316,316,0.18269,0.18269,0.0,0.18269,0.81731
117,163416145253365220068312438180508843,17,606,587,0.09713,0.05844,0.36995,0.46708,0.5329200000000001
117,151860544404692216930602142095351613,17,249,232,0.168,0.0814,0.1359,0.3039,0.6960999999999999
117,138566953047869734061101879269970331,17,259,259,0.36289,0.36289,0.0,0.36289,0.6371100000000001
117,145964918717244807694045579349681017,17,437,415,0.14484,0.1087,0.38991,0.53475,0.46525000000000005
117,163415159225808012127254250383730309,17,277,277,0.16233999999999998,0.16233999999999998,0.0,0.16233999999999998,0.8376600000000001
117,124300508442963150951930963128736131,17,263,263,0.15611,0.15611,0.0,0.15611,0.84389
117,109125632836391641388970836725567013,17,295,295,0.15358,0.15358,0.0,0.15358,0.84642
117,164275491332908292363177152490331079,17,315,311,0.23168,0.03337,0.13585,0.36753,0.63247
117,131077380035334454807890178612145981,17,298,276,0.0177,0.00551,0.41985000000000006,0.43755000000000005,0.5624499999999999
117,155880681160688438196837046608182251,17,346,346,0.45574,0.45574,0.0,0.45574,0.54426
117,115191382566792979054094322847958543,17,265,254,0.06821,0.28228,0.28228,0.35048999999999997,0.64951
117,143057954662364884166047009322246639,17,311,311,0.50374,0.50374,0.0,0.50374,0.49626000000000003
117,156979876334671263238371873698250403,17,299,299,0.20134,0.20134,0.0,0.20134,0.79866
117,155310255298073705895603649387619657,17,318,313,0.27841,0.09178,0.09178,0.37019,0.62981
117,117916366509219475119266928147910859,17,324,324,0.18174,0.18174,0.0,0.18174,0.81826
118,283366729622704184834512405779809749,17,268,268,0.14446,0.14446,0.0,0.14446,0.85554
118,269869852198238930308727334024104027,17,230,230,0.16209,0.16209,0.0,0.16209,0.8379099999999999
118,278427133643294077195366582903775927,17,312,312,0.48235,0.48235,0.0,0.48235,0.5176499999999999
118,299793199993716942105024309691601719,17,425,415,0.05332,0.04429,0.04429,0.09761,0.90239
118,325201301744817930228784054921457629,17,265,265,0.2825,0.2825,0.0,0.2825,0.7175
118,317171851159036921196200650759973927,17,275,275,0.12677,0.12677,0.0,0.12677,0.87323
118,236372503154544087155766334317168341,17,345,336,0.16939,0.18577,0.349,0.51839,0.48161
118,304653678961545956593448863377233399,17,275,247,0.09692,0.1769,0.27222999999999997,0.36915,0.63085
118,269333195678952299492279251732035527,17,230,230,0.34394,0.34394,0.0,0.34394,0.65606
118,195609660721685524253473248048376013,17,291,269,0.19223,0.14012,0.25748,0.44971,0.55029
118,229455565655207874984583510442702471,17,329,329,0.1937,0.1937,0.0,0.1937,0.8063
118,302255779754143665876099906401418149,17,264,264,0.43889,0.43889,0.0,0.43889,0.56111
118,280336369418123143665131509585596301,17,381,381,0.27647,0.27647,0.0,0.27647,0.72353
118,262170044487578759566974904183372253,17,249,249,0.32928,0.32928,0.0,0.32928,0.67072
118,209365619641232842364342947226868377,17,254,254,0.08594,0.08594,0.0,0.08594,0.91406
118,253456551946898081382306153651657131,17,287,287,0.37234,0.37234,0.0,0.37234,0.62766
118,236033443252102432820178744085725509,17,249,221,0.10008,0.2017,0.36946999999999997,0.46954999999999997,0.5304500000000001
118,290960795145792311949668931672005389,17,258,258,0.31668,0.31668,0.0,0.31668,0.6833199999999999
118,300609896880103253700433157567426317,17,305,305,0.49289,0.49289,0.0,0.49289,0.50711
118,320926073313040889091491508158068537,17,302,286,0.09387,0.10757,0.18108,0.27494999999999997,0.72505
118,318809409172575685646089905715951871,17,403,402,0.17426,0.08369,0.08369,0.25795,0.74205
118,255352768840026220612096325849858297,17,300,287,0.21804,0.1303,0.1303,0.34834,0.65166
118,328185861107774509225580136051467179,17,282,268,0.14774,0.08955,0.30362999999999996,0.45136999999999994,0.5486300000000001
118,310041409860585104244113479839184697,17,290,285,0.15929,0.16346,0.16346,0.32275,0.67725
118,327487890652565392260994403360772347,17,291,256,0.06851,0.22719,0.6757699999999999,0.7442799999999998,0.25572000000000017
118,296478303909079853230119857509970059,17,351,351,0.26248,0.26248,0.0,0.26248,0.73752
118,325925724808570846074166283609550869,17,339,295,0.00466,0.06041,0.6155300000000002,0.6201900000000002,0.37980999999999976
118,195621426800214045785105363544417083,17,269,269,0.4559,0.4559,0.0,0.4559,0.5441
118,301713821239808776825437138861766729,17,332,332,0.23483,0.23483,0.0,0.23483,0.76517
118,183901430556176359487137367802969887,17,238,238,0.2663,0.2663,0.0,0.2663,0.7337
118,293520163466240004214723827771884003,17,285,285,0.53711,0.53711,0.0,0.53711,0.46289
118,326971100908931838313320127290640129,17,240,240,0.63903,0.63903,0.0,0.63903,0.36097
118,295389941848021229815313055533921963,17,277,275,0.05378,0.30663,0.30663,0.36041,0.63959
118,303229358391220511573528182187922199,17,307,307,0.22075,0.22075,0.0,0.22075,0.77925
118,262729411184932672284703727430846547,17,298,298,0.30542,0.30542,0.0,0.30542,0.69458
119,513053559412313463962144174036284799,17,305,299,0.16895,0.12747,0.12747,0.29642,0.70358
119,622887873943906552721212111701014527,17,378,378,0.32497,0.32497,0.0,0.32497,0.67503
119,543206123195272576975258581119303059,17,474,464,0.0922,0.02836,0.15723,0.24943,0.75057
119,634000689251438806712218837697468797,17,241,241,0.27613,0.27613,0.0,0.27613,0.72387
119,543949204029199560663676069214419381,17,248,235,0.1232,0.38407,0.5516,0.6748,0.32520000000000004
119,352906557879015347954072810162144117,17,296,296,0.30578,0.30578,0.0,0.30578,0.6942200000000001
119,506865832877462137485117003565322537,17,320,303,0.26302,0.18525,0.18525,0.44826999999999995,0.55173
119,415880349165705288467966502003975107,17,409,397,0.20187,0.14767,0.22958,0.43145,0.56855
119,499073166139119541492284441771654709,17,320,320,0.39786,0.39786,0.0,0.39786,0.60214
119,472323738960383103011298089304734521,17,271,254,0.30025,0.18537,0.28248,0.58273,0.41727000000000003
119,353700986436727756491189939452211419,17,248,248,0.27238,0.27238,0.0,0.27238,0.7276199999999999
119,427771099367666279924248558871197459,17,195,195,0.20885,0.20885,0.0,0.20885,0.79115
119,637989749969019860132666551884334607,17,299,294,0.22279,0.21821,0.21821,0.44099999999999995,0.559
119,640254293469786234554586876211001711,17,332,320,0.06487,0.30641,0.42315,0.48802,0.51198
119,512111506288956230782175688815920703,17,268,258,0.09484999999999999,0.08738,0.18117,0.27602,0.7239800000000001
119,569485680435322547725306577967295921,17,234,234,0.49871,0.49871,0.0,0.49871,0.50129
119,560202949248892917667187491410902119,17,327,312,0.37053,0.13675,0.13675,0.5072800000000001,0.49271999999999994
119,626920411764645058621537933297260037,17,321,321,0.23277,0.23277,0.0,0.23277,0.76723
119,612867835866544302669791336754232277,17,244,244,0.10804,0.10804,0.0,0.10804,0.89196
119,588769207994573397242283707385345643,17,224,224,0.5708,0.5708,0.0,0.5708,0.4292
119,655684141796752258014838247356466207,17,267,251,0.04484,0.01419,0.42956999999999995,0.47440999999999994,0.52559
119,440229370416729309360608176944370739,17,255,246,0.11787,0.13321,0.13321,0.25107999999999997,0.74892
119,522956703359053664893020915816372949,17,242,239,0.49317,0.24858,0.24858,0.74175,0.25825
119,561694293055840224214046367087583831,17,308,285,0.00676,0.21313,0.7477599999999999,0.7545199999999999,0.24548000000000014
119,609939408837066001624338139880597299,17,391,388,0.13539,0.10144,0.10144,0.23683,0.76317
119,635976323321420370142204245225710411,17,465,448,0.04924,0.11102,0.24696999999999997,0.29621,0.70379
119,601519059476655385224896125128780731,17,279,279,0.44799,0.44799,0.0,0.44799,0.55201
119,629027860737784874073886431079792013,17,264,261,0.16485,0.07849,0.07849,0.24334,0.75666
119,634744041481120774278048677851191559,17,289,289,0.64348,0.64348,0.0,0.64348,0.35651999999999995
119,514172983338033414499086100248491071,17,264,264,0.35103,0.35103,0.0,0.35103,0.64897
119,637424707483731747302253997860806383,17,311,309,0.06142,0.29871,0.29871,0.36012999999999995,0.63987
119,548506198988701391481333836333429021,17,331,331,0.14702,0.14702,0.0,0.14702,0.85298
119,447887010688527155174745432183941221,17,206,206,0.35366,0.35366,0.0,0.35366,0.64634
119,506009206571950714751393328732155303,17,324,324,0.05887,0.05887,0.0,0.05887,0.94113
119,500164648099826462548980933522939773,17,312,285,0.06335,0.17688,0.25262,0.31597000000000003,0.6840299999999999
120,1053660209127172814261400832650593389,17,355,355,0.37566,0.37566,0.0,0.37566,0.62434
120,945903184928959851859590284847036943,17,344,314,0.08995,0.11559,0.20443,0.29438,0.70562
120,1038362537825036343177879786112673939,17,398,398,0.23799,0.23799,0.0,0.23799,0.76201
120,1123434657665707706249969943828126547,17,305,298,0.09614,0.15577,0.15577,0.25190999999999997,0.74809
120,1328378058050893602787268792488263889,17,278,278,0.24898,0.24898,0.0,0.24898,0.75102
120,1170699467526133173700371144543909533,17,253,253,0.23325,0.23325,0.0,0.23325,0.76675
120,1285302624139587060374858635937921771,17,306,306,0.46413,0.46413,0.0,0.46413,0.5358700000000001
120,920348837994150632310587794953308161,17,260,256,0.12258,0.05993,0.20617000000000002,0.32875,0.67125
120,1226239238856218089093426587444536761,17,321,321,0.29683,0.29683,0.0,0.29683,0.7031700000000001
120,1071229055294277869838461771880187439,17,243,227,0.19442,0.08832,0.14801,0.34243,0.65757
120,1094803294969501703242186141434128153,17,231,231,0.07392,0.07392,0.0,0.07392,0.92608
120,1283604271707181803151259874735155989,17,276,276,0.29817,0.29817,0.0,0.29817,0.70183
120,1195719431090954419947464155011803231,17,246,246,0.17193,0.17193,0.0,0.17193,0.82807
120,1295260065911244809983955165232958201,17,293,293,0.36468,0.36468,0.0,0.36468,0.63532
120,899224184346222764630723331180321761,17,352,339,0.1455,0.20526,0.35658,0.50208,0.49792000000000003
120,1205736231107454799680077811159457223,17,367,367,0.16986,0.16986,0.0,0.16986,0.83014
120,784038316581524955634869098498096779,17,353,353,0.31338,0.31338,0.0,0.31338,0.68662
120,1315113102257558937037163980860891991,17,285,285,0.04255,0.04255,0.0,0.04255,0.95745
120,1015092739035252852035649946851965221,17,363,354,0.32306,0.09772,0.09772,0.42078000000000004,0.57922
120,1103016573834992405242710584830152251,17,385,374,0.08587,0.21232,0.25768,0.34355,0.65645
120,960854990272074931243169367301893169,17,270,255,0.17802,0.10808,0.14891,0.32693,0.6730700000000001
120,1304619943005176883955344218265779359,17,458,449,0.2783,0.04078,0.13613,0.41442999999999997,0.58557
120,903323133640316295441436233549829693,17,269,269,0.46261,0.46261,0.0,0.46261,0.53739
120,992295240625268228108051759839712429,17,309,284,0.027,0.29675,0.43592000000000003,0.46292000000000005,0.53708
120,1254667145369635014660134955197517301,17,273,262,0.10528,0.06543,0.13061,0.23589,0.7641100000000001
120,1245499046030193122570290316765254867,17,300,279,0.13746,0.14738,0.14738,0.28484,0.71516
120,1313528751272787938969053977503155091,17,428,428,0.2311,0.2311,0.0,0.2311,0.7689
120,1014817271214759445585134991248520961,17,237,237,0.58512,0.58512,0.0,0.58512,0.41488
120,1255623141096590314439882831476294537,17,306,306,0.36667,0.36667,0.0,0.36667,0.63333
120,705164655000157748057766504509697911,17,279,272,0.12326,0.0257,0.18727,0.31053,0.68947
120,1218552060006676473660106405733706977,17,247,247,0.33143,0.33143,0.0,0.33143,0.66857
120,808789835607460530249099486742274533,17,335,329,0.0897,0.22969,0.46531,0.55501,0.44499
120,1263768776041248432145897719984493583,17,340,340,0.11535,0.11535,0.0,0.11535,0.88465
120,859634151578819603597588092122371159,17,272,259,0.03369,0.09021,0.16259,0.19628,0.80372
120,1317326846660299026374470342270684697,17,256,256,0.12662,0.12662,0.0,0.12662,0.87338
121,2651674744491708117860315117624339627,17,392,388,0.3087,0.1353,0.1353,0.44399999999999995,0.556
121,2337054133206147412039403486209426561,17,409,388,0.09082,0.12275,0.25087000000000004,0.34169000000000005,0.65831
121,2067932131252075176907480853426885303,17,312,312,0.31968,0.31968,0.0,0.31968,0.68032
121,2159184803157791550074146845224703713,17,256,254,0.19679,0.14419,0.14419,0.34098,0.6590199999999999
121,2234402664358966135579838968213900181,17,251,234,0.07711,0.03663,0.36924,0.44635,0.55365
121,1754160884716626342291516237907100119,17,232,232,0.221,0.221,0.0,0.221,0.779
121,1868008217434334365257938107792071839,17,405,385,0.12904,0.19915,0.19915,0.32819,0.67181
121,2176530920083644953634653102102090869,17,317,295,0.1671,0.18566,0.18566,0.35275999999999996,0.64724
121,2214324583263871697555793562729248007,17,610,610,0.04302,0.04302,0.0,0.04302,0.9569799999999999
121,2414043232124645047400958352901658083,17,424,424,0.30521,0.30521,0.0,0.30521,0.69479
121,2436702282690099417052365066739674757,17,403,397,0.23356,0.1675,0.1675,0.40105999999999997,0.59894
121,2267510213281742742639347760082351829,17,454,454,0.31798,0.31798,0.0,0.31798,0.6820200000000001
121,2254885668950565952898614747595311601,17,306,292,0.12376,0.05579,0.12422,0.24797999999999998,0.75202
121,2312155462943078710359400329631734971,17,297,282,0.17931,0.05768,0.05768,0.23699,0.76301
121,1958254550285840203404574189618920563,17,247,234,0.03908,0.11367,0.11367,0.15275,0.8472500000000001
121,2023477715067648701168672396070196943,17,298,298,0.23975,0.23975,0.0,0.23975,0.76025
121,2010155853509156487771899992226352839,17,266,254,0.1852,0.28608,0.32833,0.51353,0.48646999999999996
121,2513766007324810585038379177326716729,17,405,405,0.10024,0.10024,0.0,0.10024,0.89976
121,2209605467815776378020300157468275191,17,263,263,0.33972,0.33972,0.0,0.33972,0.66028
121,2267350578007097092331946180387594121,17,265,260,0.02982,0.10051,0.19014,0.21996,0.7800400000000001
121,1605975802643946257613297031207953799,17,391,391,0.09085,0.09085,0.0,0.09085,0.90915
121,2655752236964794246374101176584739777,17,263,263,0.21464,0.21464,0.0,0.21464,0.7853600000000001
121,1755659623542733608907127562506257889,17,239,239,0.49527,0.49527,0.0,0.49527,0.50473
121,2173071343928328916037998067148898333,17,288,260,0.04303,0.17007,0.40324000000000004,0.44627000000000006,0.5537299999999999
121,2159775874887902180586502534265105231,17,308,305,0.16407,0.05502,0.05502,0.21909,0.78091
121,2045366460083189056079759902314626723,17,381,381,0.27541,0.27541,0.0,0.27541,0.7245900000000001
121,2327039931840194238332930416246546987,17,251,251,0.19711,0.19711,0.0,0.19711,0.80289
121,1998427651742866987005599061076038961,17,237,234,0.43538,0.32746,0.32746,0.76284,0.23716000000000004
121,1846495976195777930632671715739058001,17,275,274,0.19508999999999999,0.28398,0.28398,0.47907,0.52093
121,1818440765872769162070373150947724411,17,267,267,0.1524,0.1524,0.0,0.1524,0.8476
121,2208220117841520518402293108850839697,17,362,362,0.19383,0.19383,0.0,0.19383,0.80617
121,2220361988847641524070009579345595061,17,400,385,0.28238,0.10375,0.15037999999999999,0.43276000000000003,0.56724
121,2326601907507203852700036654125499379,17,298,298,0.20052,0.20052,0.0,0.20052,0.79948
121,2437400727531539217449612287119813899,17,263,263,0.40287,0.40287,0.0,0.40287,0.5971299999999999
121,2251700753036019560448182024916275779,17,351,316,0.07121000000000001,0.08221,0.6777400000000002,0.7489500000000002,0.2510499999999998
122,4337976007057587087734174515516521877,18,260,258,0.22879,0.41061,0.41061,0.6394,0.36060000000000003
122,4084639296995857382681649419828471929,18,287,287,0.27293,0.27293,0.0,0.27293,0.72707
122,3162670670438422947124476633909118481,18,331,318,0.11006,0.34459,0.34459,0.45465,0.54535
122,4522201637887713032471156203501436813,18,338,338,0.24291,0.24291,0.0,0.24291,0.75709
122,3147187352050470072399482004041648713,18,289,289,0.15512,0.15512,0.0,0.15512,0.84488
122,5183426632110116111351536008901079327,18,344,344,0.10616,0.10616,0.0,0.10616,0.89384
122,4001532895921995363559220524739027639,18,288,288,0.29356,0.29356,0.0,0.29356,0.70644
122,3015791015969543496140363357009540257,18,216,216,0.29998,0.29998,0.0,0.29998,0.70002
122,4975223841415616855612126248484111059,18,246,242,0.28354,0.17348,0.17348,0.45702,0.54298
122,3477421211826447843176627549928235223,18,363,363,0.07647,0.07647,0.0,0.07647,0.92353
122,3923124191839683055673714027752340747,18,354,354,0.30765,0.30765,0.0,0.30765,0.69235
122,4679959903472345752974210254359670269,18,366,356,0.25636,0.30824,0.30824,0.5646,0.4354
122,4981685321941258508061967346965587341,18,299,299,0.68954,0.68954,0.0,0.68954,0.31045999999999996
122,5235745672897873884261898261531042193,18,246,246,0.24549,0.24549,0.0,0.24549,0.75451
122,4946480140210796611360755405189943237,18,560,560,0.26769,0.26769,0.0,0.26769,0.73231
122,5289338610219306240389597978686750403,18,263,263,0.5198,0.5198,0.0,0.5198,0.48019999999999996
122,4150135171615122575149577915592223157,18,315,315,0.20448,0.20448,0.0,0.20448,0.79552
122,4265861617150002185802698370231168983,18,362,360,0.10977,0.12964,0.12964,0.23941,0.76059
122,4420518880130974272344695874296383809,18,219,219,0.31217,0.31217,0.0,0.31217,0.6878299999999999
122,4713838920487039345899730688976382903,18,321,319,0.06889,0.12355,0.12355,0.19244,0.8075600000000001
122,3747848630084059750945109405647018633,18,247,247,0.43003,0.43003,0.0,0.43003,0.56997
122,3895126682916527687684221571715640153,18,272,272,0.05735,0.05735,0.0,0.05735,0.94265
122,5272590944568257284537430051969640473,18,231,230,0.11505,0.06087,0.06087,0.17592,0.82408
122,4080300097843974904418499489359413357,18,312,286,0.04544,0.12344,0.4256600000000001,0.4711000000000001,0.5288999999999999
122,3967689787745762763433069833451249001,18,372,372,0.2905,0.2905,0.0,0.2905,0.7095
122,3488644645102023956527454627446924033,18,257,257,0.21051,0.21051,0.0,0.21051,0.78949
122,5203802654394381074052451942964999207,18,241,236,0.18144,0.28613,0.28613,0.46757,0.53243
122,4772414968612169522627293938333299767,18,480,464,0.16428,0.05718,0.30101000000000006,0.4652900000000001,0.5347099999999999
122,4464195818232631981375131773077797949,18,268,268,0.21528,0.21528,0.0,0.21528,0.78472
122,4858353959875556766851184247883454473,18,367,367,0.41012,0.41012,0.0,0.41012,0.58988
122,5265144339454547732490197237472919469,18,334,317,0.15779,0.13257,0.30012999999999995,0.45792,0.54208
122,5120443281348227714720983669830544201,18,304,302,0.25155,0.0612,0.0612,0.31275,0.68725
122,4393722173779198475742239569480601437,18,287,287,0.22879,0.22879,0.0,0.22879,0.77121
122,5069042515838325370208882496364519309,18,259,235,0.08771,0.08411,0.23633,0.32404,0.67596
122,5264747514643278783338353614916247309,18,347,347,0.15482,0.15482,0.0,0.15482,0.84518
123,8750824894181147750354165994325470359,18,257,257,0.0884,0.0884,0.0,0.0884,0.9116
123,8988497277508608758432641477158293041,18,328,301,0.03184,0.18455,0.7127099999999997,0.7445499999999997,0.2554500000000003
123,6341450610779707890208601382075078181,18,618,597,0.01461,0.07445,0.59435,0.6089600000000001,0.39103999999999994
123,9810609257884710647647745601308623759,18,303,303,0.42917,0.42917,0.0,0.42917,0.57083
123,7733991036831655656229921903212071687,18,425,425,0.14535,0.14535,0.0,0.14535,0.85465
123,10477197388511918390936502698296307387,18,244,240,0.16818,0.05969,0.05969,0.22787,0.77213
123,9537824252562552717830336597806708627,18,286,248,0.05795,0.07477,0.31883,0.37678,0.62322
123,9988171773812988955261589130593684971,18,306,306,0.32424,0.32424,0.0,0.32424,0.67576
123,7565209558047902784037424599542701633,18,451,451,0.27532,0.27532,0.0,0.27532,0.72468
123,10559068041885515493147877856016069313,18,428,428,0.28775,0.28775,0.0,0.28775,0.71225
123,10308392050666725339199054170958567313,18,264,264,0.37691,0.37691,0.0,0.37691,0.6230899999999999
123,6064339121291427015283490177268078983,18,344,331,0.09868,0.08478,0.10110999999999999,0.19979,0.80021
123,9882816387958623815946786575249977633,18,408,399,0.10001,0.06114,0.16294999999999998,0.26295999999999997,0.73704
123,8065947437489799882967937259315738167,18,231,231,0.17389,0.17389,0.0,0.17389,0.82611
123,9451896270546774232541887831791280123,18,319,315,0.19641,0.09837,0.09837,0.29478,0.70522
123,10559449357209769267516838165890140881,18,302,302,0.41862,0.41862,0.0,0.41862,0.58138
123,9085933291737215390704656444038522299,18,252,252,0.42159,0.42159,0.0,0.42159,0.57841
123,9667393901928191364443974178815386883,18,227,227,0.25582,0.25582,0.0,0.25582,0.7441800000000001
123,7173215058111600077117174955621792469,18,423,423,0.48309,0.48309,0.0,0.48309,0.51691
123,6910481307308446950606363183429217829,18,243,243,0.31294,0.31294,0.0,0.31294,0.68706
123,7909698967539550180943566023020655281,18,250,228,0.04621,0.23621,0.23621,0.28242,0.71758
123,7379843769655936115713002505977575911,18,267,267,0.42514,0.42514,0.0,0.42514,0.5748599999999999
123,9878370455740219789154435111138230109,18,422,400,0.07247,0.29883,0.52632,0.59879,0.40120999999999996
123,9394128714654560441924330385800025383,18,290,276,0.07532,0.10891,0.16405,0.23937,0.76063
123,8318749710373291630589391490204572481,18,393,381,0.12512,0.11009,0.27645,0.40157,0.59843
123,7538615693523596452508236178604934357,18,381,381,0.11193,0.11193,0.0,0.11193,0.88807
123,6807201129215553909445760511370520947,18,237,237,0.28925,0.28925,0.0,0.28925,0.71075
123,10101025683908290613449081175860167997,18,332,332,0.29381,0.29381,0.0,0.29381,0.70619
123,9121467477871414516948805572360499687,18,374,365,0.02999,0.03528,0.18387,0.21386,0.7861400000000001
123,9413457276253340693751444499856743327,18,246,246,0.27937,0.27937,0.0,0.27937,0.72063
123,9034373574951547351496274363216225227,18,362,339,0.04071,0.04317,0.08118,0.12189,0.87811
123,9003393591781468248166754605188506137,18,380,367,0.13572,0.08841,0.08841,0.22413,0.7758700000000001
123,9890107297382070161245923872844946643,18,427,402,0.06423000000000001,0.05766,0.38372,0.44795,0.5520499999999999
123,7097837061708063834771734023745490571,18,240,240,0.15957,0.15957,0.0,0.15957,0.84043
123,9761967240598006838738778934996634767,18,297,263,0.00239,0.16099,0.2289,0.23129,0.76871
124,20596988268018925449812438227314577403,18,380,356,0.09771,0.14523,0.40883,0.50654,0.49346
124,19050716223045478604946938564022469039,18,379,379,0.32062,0.32062,0.0,0.32062,0.67938
124,18269800004854247960310786735806191891,18,271,271,0.27219,0.27219,0.0,0.27219,0.7278100000000001
124,12747922380789071509090112071798105669,18,246,220,0.07091,0.06633,0.33343,0.40434000000000003,0.59566
124,20097538921339248948379260090467473297,18,384,369,0.01483,0.01755,0.19776,0.21259,0.7874099999999999
124,19191220534023885877978018786789301729,18,287,278,0.16771,0.05951,0.11506,0.28276999999999997,0.71723
124,20985784743809527972788089873378676493,18,283,267,0.06586,0.03474,0.37167,0.43753,0.56247
124,17247314574120367410809891151214202257,18,275,246,0.06163,0.19153,0.5211600000000001,0.58279,0.41720999999999997
124,17455505053744556105323349733290965189,18,399,387,0.17751,0.18848,0.43632000000000004,0.6138300000000001,0.3861699999999999
124,14230720975318787625076514112838672711,18,278,278,0.14948,0.14948,0.0,0.14948,0.8505199999999999
124,19997222695540883832954464347382187371,18,513,510,0.14892,0.05758,0.10545,0.25437,0.74563
124,16661803618474731743395807514625560567,18,296,296,0.53657,0.53657,0.0,0.53657,0.46343
124,17124928004973519862405398865723685323,18,329,329,0.12302,0.12302,0.0,0.12302,0.87698
124,13974484388591324951573686001458664381,18,325,320,0.13549,0.33214,0.33214,0.46763,0.53237
124,19284722586707687119868976384624694807,18,358,358,0.45679,0.45679,0.0,0.45679,0.54321
124,18135727477007268598388716350023627969,18,214,214,0.35709,0.35709,0.0,0.35709,0.64291
124,17837718189036914899909912043945079191,18,312,312,0.17347,0.17347,0.0,0.17347,0.82653
124,21181752613103216577499860457130861711,18,384,366,0.30717,0.35331,0.35331,0.66048,0.33952000000000004
124,16169750676446539708483887370589179633,18,288,288,0.06505,0.06505,0.0,0.06505,0.93495
124,16567433915006397307708462490213853943,18,327,327,0.34721,0.34721,0.0,0.34721,0.65279
124,16666088091071678113847104015768505917,18,325,325,0.19378,0.19378,0.0,0.19378,0.8062199999999999
124,18808625580739304320301674404654486397,18,326,326,0.17372,0.17372,0.0,0.17372,0.82628
124,14710930790178557815305202839065807279,18,274,246,0.152,0.24434,0.37743000000000004,0.5294300000000001,0.47056999999999993
124,17550821635079864013162066673145473259,18,251,251,0.49439,0.49439,0.0,0.49439,0.50561
124,16815312064605429037603240736518721003,18,676,641,0.02122,0.13418,0.66345,0.68467,0.31533
124,12952498703936176846405510380531531953,18,219,219,0.24357,0.24357,0.0,0.24357,0.7564299999999999
124,18881933904101236638005954563925822581,18,276,274,0.16551,0.15309,0.22003,0.38554,0.61446
124,19330802843701968496835846221129035419,18,308,296,0.19195,0.10117,0.23016,0.42211,0.57789
124,19311131556895000098483111611060133041,18,280,280,0.39024,0.39024,0.0,0.39024,0.6097600000000001
124,17305804166891565029307553012847355017,18,546,546,0.09303,0.09303,0.0,0.09303,0.90697
124,17021772894731413209345849738695547571,18,236,236,0.3454,0.3454,0.0,0.3454,0.6546000000000001
124,18531698371695526451972837864529259837,18,286,286,0.09842,0.09842,0.0,0.09842,0.90158
124,16835838972284914381370639623784027411,18,300,300,0.43224,0.43224,0.0,0.43224,0.56776
124,16536395145380350181541664678901554819,18,459,459,0.18988,0.18988,0.0,0.18988,0.81012
124,16683687012294380559751678684612282783,18,300,300,0.56582,0.56582,0.0,0.56582,0.43418
125,32155353341673471732833766951530949239,18,245,235,0.14513,0.20276,0.20276,0.34789000000000003,0.65211
125,39437175282263683994987972487826663861,18,277,266,0.11953,0.22308,0.22308,0.34260999999999997,0.65739
125,32127174475929677723227114134906971207,18,341,341,0.06553,0.06553,0.0,0.06553,0.93447
125,37678438560138282530592353475921958591,18,303,299,0.07626,0.17496,0.17496,0.25122,0.74878
125,27931891360201458090974656495692150457,18,287,284,0.15907,0.39772,0.39772,0.55679,0.44321
125,31122088358590315818479652210033836477,18,367,367,0.11202,0.11202,0.0,0.11202,0.88798
125,32719382519702842025780690540534392763,18,271,271,0.05801,0.05801,0.0,0.05801,0.94199
125,41374926187662005368882656337191155491,18,368,368,0.3821,0.3821,0.0,0.3821,0.6179
125,39184846937785200586450866636117041311,18,320,320,0.17363,0.17363,0.0,0.17363,0.82637
125,31597255818718657963775275803584170517,18,293,290,0.22057,0.21192,0.21192,0.43249,0.56751
125,38022806191275200062213597542385515383,18,355,348,0.06229,0.09311,0.21275,0.27504,0.72496
125,29065901038186335484642495098347020931,18,222,222,0.38533,0.38533,0.0,0.38533,0.61467
125,31268142028735517545857834311585937311,18,236,236,0.23755,0.23755,0.0,0.23755,0.76245
125,41977402620237206240216982117197903497,18,259,259,0.18833,0.18833,0.0,0.18833,0.81167
125,32696480913374699875596633675496163633,18,217,217,0.34216,0.34216,0.0,0.34216,0.65784
125,36433262916346868672988590910776396293,18,251,251,0.42403,0.42403,0.0,0.42403,0.57597
125,37250100258369695604747158910964687079,18,281,281,0.4498,0.4498,0.0,0.4498,0.5502
125,35576406697192984190647891395545235559,18,480,480,0.20612,0.20612,0.0,0.20612,0.79388
125,41738571559781589548271972318829735177,18,272,272,0.44142,0.44142,0.0,0.44142,0.5585800000000001
125,32563476287858133193723692595518341021,18,266,266,0.4873,0.4873,0.0,0.4873,0.5126999999999999
125,41246324954135300551269864239686935137,18,264,264,0.67313,0.67313,0.0,0.67313,0.32687
125,39295292678134959101452588119087960733,18,356,356,0.38526,0.38526,0.0,0.38526,0.6147400000000001
125,40339542937633562287974597725695913381,18,417,417,0.29985,0.29985,0.0,0.29985,0.70015
125,38145795255271857233669074095720123037,18,303,303,0.69611,0.69611,0.0,0.69611,0.30389
125,37305138138971622308578759222058560667,18,301,301,0.07634,0.07634,0.0,0.07634,0.92366
125,34898341030248971801764671799917916507,18,299,292,0.1592,0.04653,0.04653,0.20573000000000002,0.79427
125,24771297524001616409896980928090259647,18,262,256,0.13933,0.14808,0.14808,0.28741,0.7125900000000001
125,23125837002290545420595301613688135507,18,242,242,0.29536,0.29536,0.0,0.29536,0.7046399999999999
125,32662291235031345579636339166697348147,18,597,597,0.08519,0.08519,0.0,0.08519,0.91481
125,33516171014809569064747903990923248411,18,272,272,0.15836,0.15836,0.0,0.15836,0.8416399999999999
125,35162792225869091149704842913934466933,18,447,447,0.23951,0.23951,0.0,0.23951,0.76049
125,40439893421806042487521884049150115557,18,272,272,0.28084,0.28084,0.0,0.28084,0.71916
125,40728403022382790783208745508710632909,18,384,363,0.06544,0.16206,0.29422000000000004,0.35966000000000004,0.6403399999999999
125,40766561582117024949052969148458663459,18,297,297,0.16644,0.16644,0.0,0.16644,0.83356
125,23660544590611440847882360301068058833,18,356,340,0.06784,0.16284,0.39299000000000006,0.4608300000000001,0.5391699999999999
126,68100083100355148598021963273665832833,18,322,309,0.07498,0.06552,0.2329,0.30788,0.6921200000000001
126,72550025423492706681733581856454281291,18,315,303,0.02977,0.11557,0.11557,0.14534,0.85466
126,74353058147305026002192373239754017861,18,410,403,0.29352,0.19309,0.19309,0.48661,0.51339
126,82968834278511728852335221538072677013,18,274,274,0.29325,0.29325,0.0,0.29325,0.70675
126,64912693735434198672596884567679763809,18,296,296,0.33926,0.33926,0.0,0.33926,0.66074
126,60021145677952233773923249747339652429,18,363,343,0.12702,0.09096,0.17851999999999996,0.3055399999999999,0.6944600000000001
126,56914098434354230765940681044840651339,18,278,267,0.21346,0.13807,0.13807,0.35153,0.64847
126,65003153556607310087007405085325980193,18,282,282,0.06567,0.06567,0.0,0.06567,0.93433
126,68223857735025025688567249292740681027,18,288,288,0.04871,0.04871,0.0,0.04871,0.95129
126,68795608626089973988656710702444511259,18,284,263,0.20518,0.20973,0.20973,0.41491,0.58509
126,67561831745638729928313974758362867611,18,269,269,0.15482,0.15482,0.0,0.15482,0.84518
126,57961355007057999579893277874705003439,18,263,252,0.14126,0.3612,0.3612,0.50246,0.49754
126,78168220492093675481999510185670191211,18,262,238,0.21818,0.30993,0.30993,0.52811,0.47189000000000003
126,77340309378186459017864732611054253143,18,334,328,0.15677,0.06006,0.15542,0.31218999999999997,0.68781
126,60600073679049809023465454313917683189,18,422,422,0.38545,0.38545,0.0,0.38545,0.6145499999999999
126,48895056781462041681511785387845284333,18,454,429,0.07044,0.04892,0.1936,0.26404,0.73596
126,56864655255977102039193463601526777017,18,354,354,0.49879,0.49879,0.0,0.49879,0.5012099999999999
126,70768427443230183135460485803755728301,18,273,273,0.32178,0.32178,0.0,0.32178,0.67822
126,69606875717101696994799902083783500499,18,379,363,0.06475,0.03309,0.19780000000000003,0.26255000000000006,0.7374499999999999
126,81558640308749005531676384830841865119,18,250,240,0.22097,0.09559,0.09559,0.31656,0.68344
126,60036408945825246611250504188442112403,18,312,305,0.1561,0.21873,0.34769,0.50379,0.49621000000000004
126,43726057520904510520422393064987707163,18,485,475,0.1431,0.05931,0.05931,0.20241,0.79759
126,74991736555094210626261770444090835001,18,307,307,0.33883,0.33883,0.0,0.33883,0.66117
126,82101886298416112799517047559155232319,18,300,296,0.08763,0.17306,0.17306,0.26069,0.73931
126,77978328607754733267199837793664944147,18,292,288,0.1437,0.03557,0.11918000000000001,0.26288,0.73712
126,62313028730074763972866250178074787991,18,541,515,0.047170000000000004,0.02535,0.43094999999999994,0.47811999999999993,0.5218800000000001
126,57340436243423477245211288850792378157,18,272,272,0.24738,0.24738,0.0,0.24738,0.7526200000000001
126,51948710781583988804503884813207445877,18,406,406,0.46464,0.46464,0.0,0.46464,0.5353600000000001
126,57446766244822972627855257222226624481,18,304,304,0.2923,0.2923,0.0,0.2923,0.7077
126,46312618373431528248974230322735522633,18,342,328,0.04952,0.09105,0.21794,0.26746,0.73254
126,67883891357119606667740706030302716241,18,467,467,0.12333,0.12333,0.0,0.12333,0.8766700000000001
126,70538785594512917547047959059518064889,18,223,223,0.69489,0.69489,0.0,0.69489,0.30511
126,69621077794021919317584637679454593527,18,507,501,0.1776,0.11877,0.17063,0.34823000000000004,0.65177
126,83402311096983912014382897112586567077,18,334,334,0.09206,0.09206,0.0,0.09206,0.90794
126,44860981788244919067040708239628107917,18,290,290,0.12904,0.12904,0.0,0.12904,0.87096
127,167805021970014677977540346928033533021,18,310,310,0.34756,0.34756,0.0,0.34756,0.65244
127,137020212672615934073125555979101350691,18,403,390,0.33913,0.40235,0.40235,0.7414799999999999,0.2585200000000001
127,144355440323360910568304511999885021623,18,323,323,0.12728,0.12728,0.0,0.12728,0.8727199999999999
127,163538782321303389576211889470435493713,18,259,259,0.76429,0.76429,0.0,0.76429,0.23570999999999998
127,144977761700721617634161254299472877201,18,267,251,0.10186,0.05971,0.30474,0.4066,0.5933999999999999
127,142629727677000627104107019395646940763,18,529,529,0.31849,0.31849,0.0,0.31849,0.6815100000000001
127,127554879758549262635374352471259121991,18,359,359,0.0824,0.0824,0.0,0.0824,0.9176
127,126009249676458353155384871442110261267,18,255,255,0.13667,0.13667,0.0,0.13667,0.8633299999999999
127,109870192110252291875059139842982381987,18,300,287,0.10669,0.06047,0.32452000000000003,0.43121000000000004,0.5687899999999999
127,98849777706640306753646640435429138473,18,284,284,0.13738,0.13738,0.0,0.13738,0.8626199999999999
127,163644682887146754676281393342839513671,18,325,325,0.21346,0.21346,0.0,0.21346,0.78654
127,109081817906954896804084279440131760289,18,255,255,0.06839,0.06839,0.0,0.06839,0.93161
127,162631110295585286457771525284147534497,18,268,268,0.12639,0.12639,0.0,0.12639,0.87361
127,132369255514223001889797255533645297719,18,282,282,0.27865,0.27865,0.0,0.27865,0.7213499999999999
127,116233759171536668218668826153392217031,18,358,344,0.09119,0.06107,0.36996,0.46115,0.53885
127,153368619635914376360688092847518820547,18,341,307,0.028149999999999998,0.08746,0.49367,0.52182,0.47818000000000005
127,154339796296949036566647154792108247167,18,312,299,0.23133,0.19727,0.32466,0.55599,0.44401
127,161743832480484975514693928677068166849,18,291,286,0.10962,0.09209,0.2626,0.37222,0.62778
127,162182811518790290419443863047837144351,18,357,357,0.12469,0.12469,0.0,0.12469,0.87531
127,111485720838352215097300776686836400783,18,349,347,0.15705,0.17221,0.17221,0.32926,0.67074
127,137690560756599108446574602888913775753,18,410,404,0.2118,0.16251,0.25146999999999997,0.46326999999999996,0.53673
127,142200616687930175598772147312126361237,18,343,329,0.15137,0.19699,0.26354999999999995,0.41491999999999996,0.58508
127,164439310169023057341424798052616949577,18,312,295,0.11904,0.09036,0.34168000000000004,0.46072,0.53928
127,105714448557902299960049887196070502489,18,283,283,0.39698,0.39698,0.0,0.39698,0.60302
127,166758959978551728162253134614942160827,18,402,402,0.22974,0.22974,0.0,0.22974,0.77026
127,149843770037014370982927527617971900143,18,299,299,0.37294,0.37294,0.0,0.37294,0.62706
127,134993692149224140995277159447244006863,18,259,259,0.19637,0.19637,0.0,0.19637,0.8036300000000001
127,139165907438231716562918659300577577071,18,267,260,0.47197999999999996,0.07095,0.07095,0.5429299999999999,0.4570700000000001
127,136586903151308860997396421752967288539,18,653,645,0.22608,0.17046,0.17046,0.39654,0.60346
127,155250555923519483592616095076427821541,18,365,360,0.14329,0.14194,0.18088,0.32417,0.6758299999999999
127,131341904659054142357985104208488988469,18,323,317,0.24718,0.12509,0.18747,0.43465,0.56535
127,132857536310816941081805996533448203643,18,281,281,0.0776,0.0776,0.0,0.0776,0.9224
127,155617735876466741074783033152605160107,18,352,352,0.07716,0.07716,0.0,0.07716,0.92284
127,160815745536359944373034955424560057657,18,228,228,0.37139,0.37139,0.0,0.37139,0.62861
127,129938394706164197036805018104606864431,18,621,609,0.25108,0.05956,0.12708999999999998,0.37817,0.62183
128,269061852090145989685773969769004606201,18,315,309,0.10254,0.1527,0.32492,0.42746,0.57254
128,279275119855449922764144405924184059001,18,519,507,0.00592,0.04916,0.36119000000000007,0.36711000000000005,0.63289
128,260230529719021196607468415644541114729,18,340,331,0.07961,0.42125,0.42125,0.50086,0.49914000000000003
128,281569681559160627138068049892014412219,18,435,429,0.13376,0.11587,0.20171999999999998,0.33548,0.66452
128,304430560916260311057918209824504751143,18,291,291,0.15583,0.15583,0.0,0.15583,0.84417
128,284807711785684658621483310653022929137,18,303,303,0.06925,0.06925,0.0,0.06925,0.93075
128,321097593936130688517746026531101266657,18,339,324,0.05905,0.04387,0.47240000000000004,0.5314500000000001,0.4685499999999999
128,325113054512690117791254013642968011113,18,318,318,0.24906,0.24906,0.0,0.24906,0.7509399999999999
128,287601770682318193161121713110170502383,18,295,295,0.28363,0.28363,0.0,0.28363,0.71637
128,335995785992611391012301428804149919141,18,428,410,0.07699,0.08283,0.48707999999999996,0.56407,0.43593000000000004
128,329694978317815349230419174570292835323,18,321,321,0.35274,0.35274,0.0,0.35274,0.64726
128,270404748593213366294639566089042059887,18,402,375,0.03207,0.19259,0.47485,0.50692,0.49307999999999996
128,299066252859745863583842364968834501323,18,315,315,0.42732,0.42732,0.0,0.42732,0.5726800000000001
128,260336746959601832672270590889233507939,18,345,344,0.21765,0.04608,0.04608,0.26373,0.73627
128,253586487451455573057507995565915083909,18,390,390,0.17185,0.17185,0.0,0.17185,0.8281499999999999
128,310577824203884123553465803372354194981,18,288,284,0.15264,0.30596,0.30596,0.4586,0.5414
128,220849793523634219003665345788395443787,18,321,292,0.07016,0.33289,0.6923400000000002,0.7625000000000002,0.23749999999999982
128,253292227464903220929188900399531691307,18,335,335,0.00097,0.00097,0.0,0.00097,0.99903
128,330593749643629138360506145862289231319,18,231,231,0.53145,0.53145,0.0,0.53145,0.46855
128,306176058305462890959526143685760652173,18,335,333,0.21595,0.09685,0.09685,0.3128,0.6872
128,296771754898627466154826520592991279807,18,267,267,0.22342,0.22342,0.0,0.22342,0.77658
128,251039738863314266372294072008070933371,18,302,293,0.12433,0.16081,0.16081,0.28514,0.71486
128,205482222397382727666450660899012709413,18,294,294,0.2826,0.2826,0.0,0.2826,0.7174
128,200521759126333846778492859301093610291,18,449,440,0.23797,0.39191,0.58056,0.81853,0.18147000000000002
128,203643681723227397607254161265879026701,18,497,493,0.16673,0.02597,0.02597,0.19269999999999998,0.8073
128,202107074428524777033120237523777851583,18,340,340,0.42291,0.42291,0.0,0.42291,0.57709
128,337887896398218653888305534448714495473,18,408,401,0.04923,0.05874,0.05874,0.10797000000000001,0.89203
128,335276467012747502373376178842580086463,18,263,261,0.2014,0.03855,0.03855,0.23995,0.76005
128,311635116859675766201523843728184676073,18,324,312,0.0883,0.17576,0.17576,0.26406,0.73594
128,332366944170244877689850870074508288989,18,415,396,0.09584,0.40166,0.48832,0.58416,0.41584
128,298816759874916752614643309854191374443,18,256,245,0.05807,0.17558,0.32325000000000004,0.38132000000000005,0.6186799999999999
128,307076541752405502537335912844396815267,18,283,283,0.4128,0.4128,0.0,0.4128,0.5871999999999999
128,224504029312256893088770378315923467113,18,304,304,0.16754,0.16754,0.0,0.16754,0.83246
128,288249276626198266525909620661392895073,18,287,287,0.47362,0.47362,0.0,0.47362,0.5263800000000001
128,330731010005521022123034084171119139077,18,343,343,0.1468,0.1468,0.0,0.1468,0.8532
